Accession	Start	Stop	Size
NZ_RRBJ01000003.1	193419	223467	30048
NZ_CP065948.1	1368646	1398695	30049
NZ_PUEW01000001.1	434300	464349	30049
NZ_RRBN01000003.1	318836	348885	30049
NZ_JAAMRJ010000012.1	18463	48779	30316
NZ_CAKNDP010000001.1	700389	730813	30424
NZ_BAABSN010000001.1	8037	38515	30478
NZ_JACEIX010000004.1	5425	35903	30478
NZ_JYLC01000001.1	6685	37163	30478
NZ_CP053687.1	1995796	2026286	30490
NZ_JAVFGN010000017.1	83857	114347	30490
NZ_VCOX01000005.1	221602	252092	30490
NZ_JABLTZ010000013.1	1668	32236	30568
NZ_JAIGZH010000169.1	2075	32643	30568
NZ_JAIGZK010000142.1	2075	32643	30568
NZ_JAIGZV010000106.1	2075	32643	30568
NZ_NIPI01000075.1	1797	32365	30568
NZ_SCXS01000011.1	27903	58471	30568
NZ_JTTU01000001.1	3520	34199	30679
NZ_JAUZAG010000005.1	128601	159373	30772
NZ_LLUG01000050.1	237654	268426	30772
NZ_QVDY02000034.1	6900	37672	30772
NZ_CP096937.1	4879336	4910299	30963
NZ_NSTX01000013.1	101527	132604	31077
NZ_JAVFCM010000009.1	32646	63824	31178
NZ_JAVFCP010000011.1	32644	63822	31178
NZ_JAVFDF010000017.1	32644	63822	31178
NZ_JAVFDI010000027.1	32645	63823	31178
NZ_JAZBTS010000005.1	32700	63878	31178
NZ_JAZBVH010000008.1	32700	63878	31178
NZ_JAJPLT010000007.1	77869	109069	31200
NZ_LN831024.1	4721967	4753173	31206
NZ_CP012001.1	4722534	4753742	31208
NZ_FUXR01000047.1	157	31365	31208
NZ_JAOXGK010000005.1	170891	202101	31210
NZ_JAPCHR010000029.1	126085	157298	31213
NZ_SDSO01000022.1	128417	159649	31232
NZ_NSXD01000001.1	64374	95632	31258
NZ_RXSZ01000027.1	1426	32795	31369
NZ_RXWA01000071.1	81315	112753	31438
NZ_JAQAQV010000002.1	1336243	1367781	31538
NZ_JBDZZL010000002.1	60043	91610	31567
NZ_JANTQP010000001.1	173419	204987	31568
NZ_RADI01000132.1	173419	204987	31568
NZ_JAHWUY010000002.1	73540	105150	31610
NZ_JAUZBU010000011.1	73736	105346	31610
NZ_JAXCPU010000011.1	72360	103970	31610
NZ_QVBF02000022.1	30837	62447	31610
NZ_JAUAWH010000003.1	645868	677561	31693
NZ_JAUAWJ010000004.1	656586	688279	31693
NZ_JAUAWK010000005.1	4571193	4602887	31694
NZ_JAKRIP010000011.1	1761	33466	31705
NZ_JAKRIR010000008.1	99155	130860	31705
NZ_JAKRIU010000010.1	99287	130992	31705
NZ_JAKRJX010000007.1	161840	193545	31705
NZ_JAWLNG010000011.1	473	32178	31705
NZ_JAJPLB010000003.1	128412	160126	31714
NZ_AYON01000258.1	1	31730	31729
NZ_JAZBSJ010000006.1	62484	94216	31732
NZ_JTPW01000029.1	49961	81787	31826
NZ_CP101885.1	1897655	1929482	31827
NZ_JABMEF010000071.1	7794	39621	31827
NZ_JAGFKG010000001.1	138462	170289	31827
NZ_JAIPVO010000003.1	61907	93734	31827
NZ_JAIXIV010000020.1	18652	50479	31827
NZ_JAPZKE010000007.1	61892	93719	31827
NZ_JAQAQW010000001.1	2554908	2586735	31827
NZ_JTMJ01000016.1	61750	93577	31827
NZ_JTOF01000014.1	55962	87789	31827
NZ_LLQY01000002.1	80934	112761	31827
NZ_LYTR01000001.1	153467	185294	31827
NZ_NSOQ01000005.1	62014	93841	31827
NZ_NSTO01000003.1	161009	192836	31827
NZ_NSYR01000008.1	123948	155775	31827
NZ_QFTG01000017.1	6816	38643	31827
NZ_QVBL02000014.1	6723	38550	31827
NZ_VMNU01000017.1	6816	38643	31827
NZ_JAOXGJ010000004.1	60590	92473	31883
NZ_JAIZDZ010000002.1	126868	158803	31935
NZ_JAIHAB010000118.1	118107	150084	31977
NZ_JACWIE010000006.1	164920	196914	31994
NZ_JAHYAM010000009.1	63686	95694	32008
NZ_RAFY01000774.1	73373	105381	32008
NZ_JBGVXB010000018.1	63141	95187	32046
NZ_CAAKMR010000103.1	39018	71129	32111
NZ_SUNF01000005.1	126039	158150	32111
NZ_NSVJ01000007.1	708	32849	32141
NZ_NKYA01000005.1	164760	196939	32179
NZ_NKYB01000007.1	130448	162627	32179
NZ_JAHERO010000002.1	661188	693446	32258
NZ_JAHWAI010000013.1	124778	157036	32258
NZ_FROV01000012.1	4049	36316	32267
NZ_JAPCUZ010000009.1	4080	36347	32267
NZ_JAVFHH010000010.1	62727	94994	32267
NZ_CP133094.1	5203603	5235882	32279
NZ_RWPG01000005.1	103939	136232	32293
NZ_RWPM01000008.1	240615	272908	32293
NZ_CP107257.1	2610494	2642788	32294
NZ_JAFCHB010000001.1	1732979	1765277	32298
NZ_JAFCHC010000001.1	1710446	1742744	32298
NZ_JAFCHD010000001.1	1708101	1740399	32298
NZ_JAFCHH010000001.1	1707604	1739902	32298
NZ_JAFCHK010000001.1	1708105	1740403	32298
NZ_JAHWBB010000007.1	146230	178528	32298
NZ_JAIXIL010000005.1	157234	189532	32298
NZ_JAZIEU010000066.1	155897	188195	32298
NZ_QVAR02000049.1	155	32465	32310
NZ_JAVQRB010000006.1	277527	309876	32349
NZ_JBCIXK010000014.1	5582	37932	32350
NZ_JBJFMU010000002.1	198951	231322	32371
NZ_JBJFMV010000008.1	198951	231322	32371
NZ_JBJFMW010000003.1	198951	231322	32371
NZ_JBJFMX010000008.1	198951	231322	32371
NZ_JBJFMY010000005.1	198951	231322	32371
NZ_JBJFMZ010000002.1	92754	125125	32371
NZ_JBJFNB010000007.1	112570	144941	32371
NZ_JBJFNH010000001.1	198951	231322	32371
NZ_JBDZZU010000018.1	101657	134054	32397
NZ_CP169522.1	66867	99265	32398
NZ_JAVQOZ010000005.1	277527	309935	32408
NZ_JAVQPU010000017.1	120834	153242	32408
NZ_JAVQQF010000019.1	120834	153242	32408
NZ_JAVQQZ010000017.1	120834	153242	32408
NZ_JAVQRC010000006.1	277527	309935	32408
NZ_JAJPTC010000036.1	17456	49882	32426
NZ_JAIXIS010000013.1	27815	60327	32512
NZ_JAIXIW010000012.1	27294	59806	32512
NZ_JTVW01000044.1	5719	38259	32540
NZ_CP068239.1	2167033	2199574	32541
NZ_CP096934.1	2414162	2446703	32541
NZ_CP132995.1	5609596	5642137	32541
NZ_JABUGF010000014.1	61087	93628	32541
NZ_JALJNY010000001.1	62808	95349	32541
NZ_JALJOA010000013.1	9665	42206	32541
NZ_JAMOGV010000002.1	60923	93464	32541
NZ_JAPZKN010000009.1	60923	93464	32541
NZ_JAPZKP010000007.1	60923	93464	32541
NZ_JBGEHD010000012.1	60761	93302	32541
NZ_JBGEHG010000006.1	153320	185861	32541
NZ_JTZL01000043.1	5720	38261	32541
NZ_JBFSER010000006.1	71406	103951	32545
NZ_JAGHMO010000011.1	164744	197312	32568
NZ_JAIZEF010000002.1	199851	232419	32568
NZ_JAJDSE010000024.1	49133	81701	32568
NZ_JAVRME010000004.1	232705	265293	32588
NZ_JASUWB010000001.1	4576898	4609497	32599
NZ_JASUWJ010000001.1	4915724	4948323	32599
NZ_JASUWM010000001.1	5153428	5186027	32599
NZ_FRHY01000104.1	1605	34251	32646
NZ_FRID01000016.1	1610	34256	32646
NZ_FRIF01000106.1	1606	34252	32646
NZ_FRWV01000021.1	1606	34252	32646
NZ_VJNM01000008.1	171074	203741	32667
NZ_JAZIEB010000099.1	11736	44413	32677
NZ_NDFW01000099.1	137267	169954	32687
NZ_JTMS01000009.1	2148	34841	32693
NZ_JAKRGT010000006.1	185637	218354	32717
NZ_JAGFEJ010000010.1	160662	193394	32732
NZ_FRLI01000013.1	28627	61361	32734
NZ_CP176684.1	1540915	1573651	32736
NZ_QVBZ02000019.1	46228	78964	32736
NZ_NIZO01000038.1	187	32932	32745
NZ_QVAT02000011.1	99272	132017	32745
NZ_QVBE02000008.1	94850	127595	32745
NZ_RXVZ01000027.1	73236	105981	32745
NZ_WUDO01000045.1	8268	41013	32745
NZ_JTUB01000019.1	73086	105832	32746
NZ_JAUEEI010000017.1	5758	38541	32783
NZ_JTTK01000039.1	44582	77365	32783
NZ_NOKO01000012.1	61197	93980	32783
NZ_RWOL01000012.1	86222	119005	32783
NZ_RWOM01000012.1	83309	116092	32783
NZ_RWON01000011.1	83602	116385	32783
NZ_JAHERD010000001.1	3933055	3965844	32789
NZ_JAOCEF010000002.1	143321	176110	32789
NZ_JAQAPV010000004.1	124880	157669	32789
NZ_JAZIDX010000027.1	61059	93886	32827
NZ_JAHWVC010000001.1	174508	207337	32829
NZ_JAUZBQ010000020.1	6735	39564	32829
NZ_JAWIWU010000004.1	27222	60051	32829
NZ_JAAVNH010000009.1	40730	73560	32830
NZ_JAOXOZ010000004.1	6184	39014	32830
NZ_JASTYE010000011.1	61852	94682	32830
NZ_MCMF01000003.1	17874	50704	32830
NZ_NSOR01000017.1	6922	39752	32830
NZ_NSYS01000011.1	73829	106659	32830
NZ_RXBH01000009.1	66609	99439	32830
NZ_RXBJ01000001.1	851341	884171	32830
NZ_SMZF01000009.1	61045	93875	32830
NZ_JBIOAK010000001.1	445583	478414	32831
NZ_JAXCON010000001.1	139056	171900	32844
NZ_JAZBSZ010000001.1	183895	216739	32844
NZ_JAODZJ010000006.1	168990	201838	32848
NZ_PPDW01000009.1	164751	197601	32850
NZ_JACWGX010000001.1	4126551	4159403	32852
NZ_LLUN01000001.1	279997	312851	32854
NZ_LZQE01000001.1	280067	312921	32854
NZ_VWQT01000028.1	99504	132362	32858
NZ_JAHWAN010000002.1	51293	84157	32864
NZ_JAFHXE010000065.1	186	33100	32914
NZ_KQ001499.1	93207	126123	32916
NZ_JADQVY010000009.1	141736	174653	32917
NZ_JAPZKT010000007.1	140891	173834	32943
NZ_JAPZMN010000005.1	140891	173834	32943
NZ_JAVFGZ010000002.1	187213	220159	32946
NZ_NDFQ01000089.1	137369	170317	32948
NZ_CP096932.1	5027184	5060139	32955
NZ_CP096953.1	5099592	5132547	32955
NZ_CP096958.1	5153712	5186667	32955
NZ_CP132997.1	4931726	4964681	32955
NZ_JAMOGZ010000002.1	762738	795693	32955
NZ_JAMOHB010000005.1	272986	305941	32955
NZ_JANGZX010000038.1	275146	308101	32955
NZ_JAPZKQ010000010.1	95836	128791	32955
NZ_JAPZKR010000006.1	141316	174271	32955
NZ_JAZFNJ010000005.1	153861	186816	32955
NZ_JBGEHC010000013.1	103986	136941	32955
NZ_JBGEHI010000006.1	156502	189457	32955
NZ_JBHNZT010000022.1	1224	34179	32955
NZ_JBHNZU010000020.1	102158	135113	32955
NZ_JAZBUI010000010.1	73206	106193	32987
NZ_JAGFDP010000006.1	111249	144241	32992
NZ_JAVFEN010000015.1	118149	151147	32998
NZ_CP029148.1	4281058	4314058	33000
NZ_CP050147.1	5037142	5070142	33000
NZ_CP082821.1	5298069	5331069	33000
NZ_CP082823.1	5349990	5382990	33000
NZ_CP093022.1	5037149	5070149	33000
NZ_CP132352.1	5263647	5296647	33000
NZ_CP146218.1	4961605	4994605	33000
NZ_CP155048.1	5251425	5284425	33000
NZ_CTFK01000070.1	98290	131290	33000
NZ_JAHYBP010000006.1	95427	128427	33000
NZ_JAJDRO010000012.1	102290	135290	33000
NZ_JALPRO010000004.1	72173	105173	33000
NZ_JAZBTB010000002.1	301845	334845	33000
NZ_JAZBUC010000008.1	73192	106192	33000
NZ_JAZBUV010000010.1	73194	106194	33000
NZ_JAZBVF010000008.1	73193	106193	33000
NZ_JTPD01000040.1	48355	81355	33000
NZ_JTUJ01000006.1	72569	105569	33000
NZ_JTXK01000014.1	73057	106057	33000
NZ_KI519243.1	1532513	1565513	33000
NZ_LLPC01000044.1	8249	41249	33000
NZ_LLRR01000020.1	351615	384615	33000
NZ_MCMA01000001.1	873160	906160	33000
NZ_NQWF01000013.1	47365	80365	33000
NZ_NSMP01000001.1	871400	904400	33000
NZ_PSQQ01000001.1	425967	458967	33000
NZ_QHLT01000011.1	21740	54740	33000
NZ_QORB01000153.1	17050	50050	33000
NZ_RABM01000043.1	5631	38631	33000
NZ_LLLW01000031.1	8247	41248	33001
NZ_NIOL01000069.1	99237	132242	33005
NZ_QBEC01000004.1	382823	415831	33008
NZ_JAZIEX010000016.1	83743	116753	33010
NZ_QZXO01000107.1	7940	40951	33011
NZ_CAXSGF010000004.1	61730	94743	33013
NZ_NSRE01000008.1	156936	189951	33015
NZ_LSQN01000069.1	139558	172576	33018
NZ_MPCQ01000014.1	73011	106029	33018
NZ_JAFBYY010000012.1	60965	93986	33021
NZ_NDFR01000073.1	99618	132643	33025
NZ_NDFS01000078.1	137246	170271	33025
NZ_NDFT01000082.1	152353	185378	33025
NZ_NDFU01000080.1	152353	185378	33025
NZ_NDFV01000089.1	137258	170283	33025
NZ_NDFX01000072.1	152353	185378	33025
NZ_NDFY01000068.1	152353	185378	33025
NZ_RWPE01000006.1	278858	311883	33025
NZ_RWPF01000005.1	279736	312761	33025
NZ_RWPH01000007.1	193302	226327	33025
NZ_RWPI01000004.1	279535	312560	33025
NZ_RWPJ01000006.1	279738	312763	33025
NZ_RWPK01000004.1	312746	345771	33025
NZ_RWPN01000003.1	279058	312083	33025
NZ_RWPO01000006.1	280099	313124	33025
NZ_RWQF01000004.1	308506	341531	33025
NZ_RWQG01000005.1	278858	311883	33025
NZ_RWQH01000005.1	279679	312704	33025
NZ_RWQI01000003.1	279058	312083	33025
NZ_RWQJ01000005.1	278862	311887	33025
NZ_RWQK01000005.1	279583	312608	33025
NZ_RWQL01000004.1	305098	338123	33025
NZ_CP027166.1	3458570	3491605	33035
NZ_JAVQOT010000004.1	36869	69905	33036
NZ_JAVQOU010000004.1	36869	69905	33036
NZ_JAUKUF010000049.1	17983	51030	33047
NZ_JAUKUE010000038.1	28293	61341	33048
NZ_JAWLOK010000013.1	137255	170303	33048
NZ_JAZEWQ010000354.1	7936	40984	33048
NZ_JBHOAD010000013.1	152410	185458	33048
NZ_LLLM01000001.1	540127	573175	33048
NZ_NTAR01000004.1	542253	575301	33048
NZ_WOAF01000002.1	555586	588634	33048
NZ_JAUEFY010000005.1	137150	170205	33055
NZ_NFGC01000017.1	60551	93606	33055
NZ_CP093016.1	5689224	5722291	33067
NZ_JABKRH010000003.1	141604	174671	33067
NZ_JAHVNF010000008.1	171013	204080	33067
NZ_FRIA01000046.1	7922	41017	33095
NZ_FRIB01000033.1	30711	63806	33095
NZ_FRWU01000049.1	30717	63812	33095
NZ_UATV01000018.1	652424	685526	33102
NZ_LLRQ01000066.1	351463	384580	33117
NZ_LYTT01000017.1	72883	106000	33117
NZ_JAQOUH010000007.1	141599	174758	33159
NZ_LORB01000097.1	17391	50550	33159
NZ_CP032257.1	5855733	5888896	33163
NZ_UAUC01000002.1	274242	307428	33186
NZ_CP029089.1	290391	323578	33187
NZ_CP054591.1	1407521	1440708	33187
NZ_CP056774.1	535402	568589	33187
NZ_CP135096.1	2491875	2525062	33187
NZ_JABTBW010000027.1	60803	93990	33187
NZ_JABTBY010000007.1	60963	94150	33187
NZ_JABTCD010000016.1	60986	94173	33187
NZ_JACWGQ010000001.1	433918	467105	33187
NZ_JACWGV010000002.1	1901563	1934750	33187
NZ_JAECSD010000062.1	2821	36008	33187
NZ_JAECSQ010000046.1	2821	36008	33187
NZ_JAFMZE010000014.1	60996	94183	33187
NZ_JAHWAK010000005.1	151801	184988	33187
NZ_JAIPSL010000052.1	2759	35946	33187
NZ_JAIXIZ010000008.1	60985	94172	33187
NZ_JALGAK010000022.1	11303	44490	33187
NZ_JALGAO010000014.1	11315	44502	33187
NZ_JALLCC010000016.1	60769	93956	33187
NZ_JALLCV010000010.1	60768	93955	33187
NZ_JAMKEK010000015.1	61035	94222	33187
NZ_JAMKXZ010000006.1	61035	94222	33187
NZ_JANUWS010000071.1	60781	93968	33187
NZ_JANUXE010000064.1	60781	93968	33187
NZ_JAOXPJ010000014.1	60985	94172	33187
NZ_JAUEFC010000013.1	148389	181576	33187
NZ_JAVQQT010000010.1	60769	93956	33187
NZ_JAZEWE010000027.1	38037	71224	33187
NZ_JAZEWI010000088.1	10497	43684	33187
NZ_JAZEWL010000065.1	21945	55132	33187
NZ_JAZEWP010000012.1	2901	36088	33187
NZ_JAZHAB010000006.1	61035	94222	33187
NZ_JBCIVR010000004.1	14195	47382	33187
NZ_JBCIXE010000013.1	15976	49163	33187
NZ_JBCIXQ010000006.1	66229	99416	33187
NZ_JBCIYM010000002.1	41518	74705	33187
NZ_JTRM01000007.1	60803	93990	33187
NZ_MPBN01000001.1	687987	721174	33187
NZ_NFFR01000006.1	61035	94222	33187
NZ_NRBT01000017.1	60795	93982	33187
NZ_NRBV01000007.1	60887	94074	33187
NZ_NRBY01000005.1	60808	93995	33187
NZ_NWBV01000080.1	2843	36030	33187
NZ_NWBW01000002.1	60791	93978	33187
NZ_VMNM01000015.1	13693	46880	33187
NZ_VTBD01000010.1	60846	94033	33187
NZ_CP089065.2	2375303	2408511	33208
NZ_JASTXO010000023.1	157	33398	33241
NZ_JBALJD010000004.1	320408	353657	33249
NZ_MCMS01000001.1	201468	234728	33260
NZ_JAVFGM010000001.1	822892	856159	33267
NZ_JAKVDL010000001.1	4861338	4894610	33272
NZ_JTQO01000044.1	6462	39734	33272
NZ_MCMB01000013.1	61209	94481	33272
NZ_NSMQ01000013.1	61209	94481	33272
NZ_NSVC01000007.1	273266	306555	33289
NZ_JAOUTE010000007.1	164792	198087	33295
NZ_JASTXA010000007.1	69946	103251	33305
NZ_JAXCMO010000008.1	158362	191667	33305
NZ_JACCII010000005.1	163061	196384	33323
NZ_JAHYAH010000001.1	163083	196406	33323
NZ_JAHYAP010000009.1	27260	60583	33323
NZ_JAHYAW010000008.1	14555	47878	33323
NZ_JAHYBF010000002.1	144357	177680	33323
NZ_JAHYBG010000002.1	132905	166228	33323
NZ_JAHYBK010000038.1	4849	38172	33323
NZ_JAHYBQ010000006.1	163133	196456	33323
NZ_JAJAUC010000006.1	145861	179184	33323
NZ_JAVQPE010000011.1	56676	89999	33323
NZ_JBHMGF010000006.1	162979	196302	33323
NZ_JBIDIJ010000009.1	162978	196301	33323
NZ_JBIDIN010000001.1	145818	179141	33323
NZ_JBIDIQ010000001.1	145818	179141	33323
NZ_CP131782.1	1791150	1824492	33342
NZ_NQZX01000017.1	51101	84464	33363
NZ_LLTF01000250.1	153	33541	33388
NZ_JAJPMV010000002.1	749552	782950	33398
NZ_CP045768.1	3823273	3856680	33407
NZ_JTOV01000061.1	128	33543	33415
NZ_NRBF01000001.1	143430	176852	33422
NZ_RXEP01000010.1	99766	133197	33431
NZ_JAXCOI010000007.1	164680	198149	33469
NZ_JAJPSC010000014.1	137199	170675	33476
NZ_LLVE01000002.1	141789	175265	33476
NZ_PTLX01000002.1	139240	172716	33476
NZ_AP017302.1	2907517	2940994	33477
NZ_JAPCTY010000015.1	25885	59369	33484
NZ_JASKWY010000026.1	170788	204272	33484
NZ_LLUC01000049.1	169090	202574	33484
NZ_JAZBTM010000003.1	115462	148969	33507
NZ_LLLT01000001.1	558079	591586	33507
NZ_RWSV01000002.1	174611	208118	33507
NZ_RWSW01000001.1	165090	198597	33507
NZ_RXEA01000002.1	169368	202876	33508
NZ_JAGHMR010000002.1	207362	240872	33510
NZ_JAHVZQ010000003.1	655364	688900	33536
NZ_RWPR01000015.1	1940	35480	33540
NZ_JACYDW010000002.1	51594	85136	33542
NZ_LRYU01000015.1	13348	46904	33556
NZ_LRYV01000018.1	13348	46904	33556
NZ_RACP01000091.1	79605	113168	33563
NZ_RACQ01000126.1	17402	50965	33563
NZ_JAIPSU010000016.1	42721	76288	33567
NZ_JAFBZE010000007.1	60474	94064	33590
NZ_JALLDG010000006.1	125888	159482	33594
NZ_CANDNV010000001.1	5270288	5303891	33603
NZ_JBIOAX010000005.1	61327	94937	33610
NZ_CP033835.1	1848692	1882308	33616
NZ_JTZI01000027.1	73013	106629	33616
NZ_JYGB02000006.1	71280	104896	33616
NZ_LOHJ01000024.1	71319	104935	33616
NZ_CP131780.1	5290455	5324074	33619
NZ_NSWR01000012.1	61259	94888	33629
NZ_NQZN01000046.1	5752	39388	33636
NZ_LLPY01000074.1	293738	327379	33641
NZ_QZYE01000093.1	1	33644	33643
NZ_JAKEVX010000038.1	99949	133609	33660
NZ_JAUAWI010000010.1	1574299	1607959	33660
NZ_JACEVB010000010.1	173439	207107	33668
NZ_JAIXIH010000006.1	72657	106342	33685
NZ_JAKGUO010000006.1	85007	118692	33685
NZ_JAKGUP010000004.1	85001	118686	33685
NZ_JAKGUQ010000006.1	85001	118686	33685
NZ_JAKGUS010000004.1	85014	118699	33685
NZ_JAKGUT010000001.1	85001	118686	33685
NZ_RXFA01000003.1	139447	173132	33685
NZ_CP115203.1	3461317	3495003	33686
NZ_FRHJ01000079.1	17946	51643	33697
NZ_FRWL01000013.1	28208	61905	33697
NZ_AEVV03000009.1	60093	93793	33700
NZ_JACEPJ010000001.1	146587	180287	33700
NZ_JACEQB010000013.1	60130	93830	33700
NZ_JAIGZS010000134.1	59742	93442	33700
NZ_JAIGZU010000139.1	60010	93710	33700
NZ_JAIGZZ010000137.1	59741	93441	33700
NZ_JAKLAL010000013.1	59748	93448	33700
NZ_JAOXPA010000008.1	156882	190582	33700
NZ_JAPEVL010000001.1	3820936	3854636	33700
NZ_JASMQT010000013.1	59698	93398	33700
NZ_JASMQY010000012.1	59698	93398	33700
NZ_JASMRA010000012.1	60006	93706	33700
NZ_JAUEFH010000001.1	29096	62796	33700
NZ_JAUEFO010000012.1	59698	93398	33700
NZ_JAUEFX010000014.1	42572	76272	33700
NZ_JAVQPM010000013.1	59621	93321	33700
NZ_JTSG01000011.1	59642	93342	33700
NZ_JTSY01000028.1	59642	93342	33700
NZ_JTVF01000016.1	92401	126101	33700
NZ_JTYS01000014.1	59642	93342	33700
NZ_LRYI01000007.1	60051	93751	33700
NZ_MPVI01000140.1	15489	49189	33700
NZ_NFGD01000011.1	59793	93493	33700
NZ_NFGK01000010.1	59843	93543	33700
NZ_NIOY01000051.1	60006	93706	33700
NZ_NSOS01000004.1	60187	93887	33700
NZ_NSYN01000011.1	71940	105640	33700
NZ_SCWI01000019.1	59920	93620	33700
NZ_SCWX01000018.1	975	34675	33700
NZ_SCYU01000018.1	35441	69141	33700
NZ_LLNB01000005.1	60134	93835	33701
NZ_JBAKYD010000013.1	21712	55415	33703
NZ_JBCNXW010000023.1	39215	72918	33703
NZ_JBEQJO010000029.1	38774	72477	33703
NZ_JBHOJK010000029.1	39215	72918	33703
NZ_JTOO01000037.1	39236	72939	33703
NZ_JTUS01000011.1	39236	72939	33703
NZ_NMPV01000101.1	2360	36064	33704
NZ_NMPW01000097.1	21485	55189	33704
NZ_JAVQOL010000004.1	287245	320952	33707
NZ_JAVQOQ010000004.1	287245	320952	33707
NZ_JAVQPW010000019.1	51675	85382	33707
NZ_CP078006.1	959456	993166	33710
NZ_CP080011.1	5150683	5184393	33710
NZ_CP080289.1	1406044	1439754	33710
NZ_CP133751.1	2717322	2751032	33710
NZ_CP136014.1	4370224	4403934	33710
NZ_JAEVLV010000004.1	282640	316350	33710
NZ_JAFBLH010000004.1	374783	408493	33710
NZ_JAFBLK010000001.1	3622135	3655845	33710
NZ_JAFBLN010000002.1	1461830	1495540	33710
NZ_JAGFPZ010000003.1	59340	93050	33710
NZ_JAIQJY010000003.1	181702	215412	33710
NZ_JAIQKE010000003.1	59374	93084	33710
NZ_JAIQKG010000003.1	59374	93084	33710
NZ_JAIQKM010000003.1	59374	93084	33710
NZ_JAIQKU010000003.1	59374	93084	33710
NZ_JAIQLD010000003.1	59374	93084	33710
NZ_JAIZDR010000006.1	59340	93050	33710
NZ_JAIZDS010000005.1	59340	93050	33710
NZ_JAIZDT010000005.1	59340	93050	33710
NZ_JAIZDV010000005.1	59340	93050	33710
NZ_JAIZDY010000003.1	59340	93050	33710
NZ_JAIZED010000004.1	59340	93050	33710
NZ_JAKFGL010000001.1	1406040	1439750	33710
NZ_JALKGR010000005.1	475036	508746	33710
NZ_JAMWMO010000001.1	5880270	5913980	33710
NZ_JAPCTF010000003.1	59339	93049	33710
NZ_JAPCTG010000003.1	59340	93050	33710
NZ_JAPCTJ010000065.1	59277	92987	33710
NZ_JAPCTL010000003.1	59340	93050	33710
NZ_JAPCTO010000003.1	59340	93050	33710
NZ_JAPCTP010000003.1	59340	93050	33710
NZ_JAPCTS010000002.1	59339	93049	33710
NZ_JAPCTU010000003.1	59340	93050	33710
NZ_JARDUM010000002.1	6024568	6058278	33710
NZ_JARDUO010000003.1	24691	58401	33710
NZ_JARDUP010000003.1	29900	63610	33710
NZ_JASUAG010000005.1	59340	93050	33710
NZ_JASUAL010000004.1	59340	93050	33710
NZ_JASUAM010000004.1	59508	93218	33710
NZ_JAVAME010000003.1	52857	86567	33710
NZ_JAVAMI010000003.1	154392	188102	33710
NZ_JAVBZX010000002.1	3024026	3057736	33710
NZ_JAVFDN010000002.1	154408	188118	33710
NZ_JBCGFG010000004.1	59374	93084	33710
NZ_JBCGFH010000003.1	59374	93084	33710
NZ_JBCGFI010000004.1	59646	93356	33710
NZ_JBCGFK010000003.1	154392	188102	33710
NZ_JBEHBF010000003.1	59374	93084	33710
NZ_LLVB01000001.1	65710	99420	33710
NZ_NSSP01000012.1	65944	99654	33710
NZ_JBCGFF010000004.1	59374	93089	33715
NZ_RXVQ01000001.1	201161	234878	33717
NZ_NSNT01000003.1	227520	261243	33723
NZ_LLLJ01000004.1	59941	93671	33730
NZ_VTBE01000003.1	165210	198940	33730
NZ_JAVQQB010000012.1	60396	94149	33753
NZ_JAVQQM010000006.1	60397	94150	33753
NZ_JASUWC010000001.1	1069824	1103582	33758
NZ_CP094677.1	375279	409052	33773
NZ_JABUGI010000004.1	188041	221820	33779
NZ_JBGEHF010000006.1	60761	94541	33780
NZ_JAATVZ010000008.1	163597	197382	33785
NZ_QZXB01000073.1	188771	222565	33794
NZ_JUAS01000025.1	104538	138347	33809
NZ_CP124622.1	3857190	3891001	33811
NZ_CP124667.1	3857230	3891041	33811
NZ_VWQP01000006.1	263232	297048	33816
NZ_NKXW01000017.1	128	33949	33821
NZ_NRAE01000014.1	128	33949	33821
NZ_JACEPD010000005.1	264134	297973	33839
NZ_NLBF01000033.1	1000	34839	33839
NZ_JASKWQ010000011.1	198144	231987	33843
NZ_JTOR01000029.1	524941	558813	33872
NZ_LLMB01000009.1	145833	179728	33895
NZ_QVDI02000045.1	8310	42215	33905
NZ_CP050149.1	2609008	2642916	33908
NZ_NSVM01000009.1	141860	175784	33924
NZ_RXEG01000001.1	844063	877992	33929
NZ_RAFT01000175.1	900	34832	33932
NZ_JAYXDS010000013.1	647	34586	33939
NZ_FRRG01000039.1	28632	62574	33942
NZ_FRRO01000011.1	200265	234207	33942
NZ_FRRQ01000005.1	124328	158270	33942
NZ_FRRZ01000003.1	200201	234143	33942
NZ_OVCQ01000003.1	665514	699456	33942
NZ_JTMI01000002.1	60936	94884	33948
NZ_PQGF01000008.1	60936	94884	33948
NZ_JALKGV010000005.1	176750	210702	33952
NZ_JAUZBE010000002.1	139071	173023	33952
NZ_JAVRMI010000002.1	139149	173101	33952
NZ_JAZHAX010000011.1	63468	97423	33955
NZ_JACGTC010000003.1	187842	221803	33961
NZ_JADEVH010000001.1	4915325	4949286	33961
NZ_JAUEEF010000017.1	99595	133556	33961
NZ_KI518757.1	1880880	1914841	33961
NZ_RXAC01000009.1	248093	282054	33961
NZ_RXBC01000009.1	248093	282054	33961
NZ_WYAF01000001.1	170923	204884	33961
NZ_JAHWUV010000001.1	274976	308940	33964
NZ_JAUZBJ010000010.1	124762	158726	33964
NZ_JAWIWT010000004.1	337383	371347	33964
NZ_CP050332.1	5256099	5290064	33965
NZ_CP117749.1	4880004	4913969	33965
NZ_JAHVZO010000014.1	101785	135750	33965
NZ_JAZBVG010000011.1	73205	107170	33965
NZ_JBIOAJ010000005.1	304974	338939	33965
NZ_KI519256.1	2921077	2955042	33965
NZ_LLUR01000023.1	101897	135862	33965
NZ_VIHZ01000011.1	100203	134168	33965
NZ_VIIP01000017.1	73055	107020	33965
NZ_CP031677.1	5190190	5224156	33966
NZ_JAXCNB010000007.1	110508	144474	33966
NZ_NSPO01000013.1	112016	145984	33968
NZ_CP150882.1	1921894	1955874	33980
NZ_JACWHF010000016.1	30652	64632	33980
NZ_MPBV01000001.1	964370	998350	33980
NZ_RXUP01000050.1	160895	194875	33980
NZ_JAIPSW010000010.1	136855	170837	33982
NZ_CP030861.1	4239505	4273493	33988
NZ_CP115278.1	1082898	1116888	33990
NZ_JACKWR010000001.1	4439776	4473766	33990
NZ_JAHVZN010000003.1	525000	558999	33999
NZ_LLSX01000083.1	173110	207123	34013
NZ_JAIXIN010000011.1	89	34103	34014
NZ_CP095772.2	5130502	5164529	34027
NZ_CABIOP010000027.1	9325	43361	34036
NZ_CABIOQ010000028.1	6885	40921	34036
NZ_CABIOS010000026.1	6871	40907	34036
NZ_CABIOU010000027.1	6871	40907	34036
NZ_CAWRGF010000027.1	6871	40907	34036
NZ_CP151543.1	1532574	1566627	34053
NZ_JACWHH010000003.1	1812198	1846258	34060
NZ_JAZEWJ010000071.1	136381	170441	34060
NZ_JALKHP010000002.1	299958	334045	34087
NZ_WOAN01000011.1	75313	109416	34103
NZ_WOAO01000010.1	75300	109403	34103
NZ_JBCPWS010000043.1	78	34204	34126
NZ_LYTZ01000009.1	60627	94773	34146
NZ_CAXXAC010000005.1	337252	371438	34186
NZ_QZXP01000069.1	102620	136809	34189
NZ_RWZY01000002.1	871864	906057	34193
NZ_JBJBGW010000030.1	1165	35371	34206
NZ_CP075176.1	5156660	5190899	34239
NZ_CP143907.1	6854369	6888608	34239
NZ_JACTAE010000016.1	75292	109531	34239
NZ_JAEMBW010000002.1	110949	145188	34239
NZ_JAFCGZ010000001.1	5015470	5049709	34239
NZ_JAFCHA010000001.1	5125170	5159409	34239
NZ_JAFCHJ010000001.1	5153083	5187322	34239
NZ_JAIXJB010000005.1	111026	145265	34239
NZ_JAVFCS010000001.1	56103	90342	34239
NZ_JAVFCX010000005.1	110949	145188	34239
NZ_JAPCHK010000025.1	289701	323951	34250
NZ_LLPO01000109.1	292907	327157	34250
NZ_LLQF01000078.1	171135	205385	34250
NZ_NIPH01000073.1	116759	151009	34250
NZ_NRBP01000012.1	141387	175637	34250
NZ_SWGG01000094.1	127	34381	34254
NZ_CP102441.2	1406044	1440323	34279
NZ_JAXCOJ010000002.1	230959	265243	34284
NZ_JTYR01000012.1	229122	263406	34284
NZ_RAAZ01000084.1	65433	99717	34284
NZ_RABA01000056.1	39821	74105	34284
NZ_RACD01000101.1	52614	86898	34284
NZ_NQZO01000017.1	68126	102432	34306
NZ_JAJPMY010000007.1	52544	86859	34315
NZ_CP032257.1	1581016	1615333	34317
NZ_VJMS01000016.1	99945	134266	34321
NZ_CP017293.1	5137151	5171473	34322
NZ_CP027174.1	3783171	3817493	34322
NZ_CP029707.1	3758950	3793272	34322
NZ_CP029745.1	4990938	5025260	34322
NZ_CP061777.1	5012599	5046921	34322
NZ_CP061779.1	4170134	4204456	34322
NZ_CP135098.1	6696311	6730633	34322
NZ_CP136399.1	5164893	5199215	34322
NZ_JABTBV010000033.1	72513	106835	34322
NZ_JABTBX010000014.1	72512	106834	34322
NZ_JABTBZ010000007.1	200089	234411	34322
NZ_JABTCB010000015.1	72517	106839	34322
NZ_JABTCC010000008.1	200107	234429	34322
NZ_JAECSF010000013.1	72451	106773	34322
NZ_JAECSH010000019.1	109	34431	34322
NZ_JAECUE010000020.1	101748	136070	34322
NZ_JAMKXX010000004.1	200046	234368	34322
NZ_JAVFEB010000017.1	81823	116145	34322
NZ_JAVQPX010000007.1	199919	234241	34322
NZ_JAWLPK010000007.1	94862	129184	34322
NZ_JBCIYO010000009.1	200046	234368	34322
NZ_JTZE01000013.1	199901	234223	34322
NZ_LLUO01000054.1	550189	584511	34322
NZ_NRBQ01000026.1	199866	234188	34322
NZ_NRBR01000016.1	101840	136162	34322
NZ_NRBS01000042.1	199891	234213	34322
NZ_NRBU01000012.1	199980	234302	34322
NZ_NRBW01000003.1	71527	105849	34322
NZ_NRBX01000016.1	199974	234296	34322
NZ_NSWM01000013.1	99816	134138	34322
NZ_NSWN01000015.1	99836	134158	34322
NZ_QVBG02000030.1	8320	42642	34322
NZ_RWVJ01000009.1	100730	135052	34322
NZ_RXCI01000014.1	121713	156035	34322
NZ_SRKE01000006.1	240775	275097	34322
NZ_CP118566.1	2737065	2771399	34334
NZ_RXCJ01000008.1	167972	202326	34354
NZ_JBGVXE010000009.1	94845	129212	34367
NZ_ASQV01000074.1	17898	52269	34371
NZ_CP045916.1	5085095	5119466	34371
NZ_CP104868.1	4894639	4929010	34371
NZ_CP110352.1	4896377	4930748	34371
NZ_CP115191.1	4463791	4498162	34371
NZ_JACEPO010000056.1	923	35294	34371
NZ_JACEQI010000014.1	99781	134152	34371
NZ_JAGFKM010000014.1	99586	133957	34371
NZ_JAOXOQ010000006.1	24160	58531	34371
NZ_JASMQX010000010.1	72502	106873	34371
NZ_JASMQZ010000013.1	99587	133958	34371
NZ_JAUEFI010000012.1	99587	133958	34371
NZ_JAUEFM010000013.1	99586	133957	34371
NZ_JAUEFN010000012.1	99587	133958	34371
NZ_JAUEFV010000004.1	358845	393216	34371
NZ_JAWIXG010000014.1	99586	133957	34371
NZ_JPFB01000002.1	174790	209161	34371
NZ_JTWK01000021.1	99848	134219	34371
NZ_JTYO01000007.1	99530	133901	34371
NZ_KI519252.1	2179457	2213828	34371
NZ_LLQX01000053.1	317602	351973	34371
NZ_LLRN01000027.1	100027	134398	34371
NZ_LLSL01000006.1	100067	134438	34371
NZ_LR739068.1	4943850	4978221	34371
NZ_MUYR01000007.1	148688	183059	34371
NZ_NFGE01000011.1	99963	134334	34371
NZ_NFGF01000010.1	99686	134057	34371
NZ_NFGG01000011.1	99963	134334	34371
NZ_NFGH01000025.1	236	34607	34371
NZ_NFGI01000011.1	99637	134008	34371
NZ_NFGJ01000010.1	72502	106873	34371
NZ_NFGM01000013.1	99963	134334	34371
NZ_NFGN01000006.1	72507	106878	34371
NZ_NINQ01000005.1	13023	47394	34371
NZ_QFRM01000003.1	317325	351696	34371
NZ_NMPT01000004.1	29758	64133	34375
NZ_NMPU01000042.1	71019	105394	34375
NZ_JAPDGU010000003.1	524714	559091	34377
NZ_JAZHAK010000003.1	558380	592757	34377
NZ_JTRF01000002.1	25566	59943	34377
NZ_NSUR01000005.1	313768	348145	34377
NZ_RAEG01000043.1	47059	81436	34377
NZ_RAEH01000082.1	99515	133892	34377
NZ_JBEHBI010000001.1	327633	362012	34379
NZ_CP061850.1	4500662	4535042	34380
NZ_CP064393.1	5125032	5159412	34380
NZ_CP064395.1	5229442	5263822	34380
NZ_CP064397.1	5230991	5265371	34380
NZ_CP064401.1	5165620	5200000	34380
NZ_CP065412.1	5152179	5186559	34380
NZ_CP065417.1	5230264	5264644	34380
NZ_CP073080.1	5319640	5354020	34380
NZ_CP077994.1	5227105	5261485	34380
NZ_CP077999.1	5164910	5199290	34380
NZ_CP078002.1	5023743	5058123	34380
NZ_CP078004.1	5228234	5262614	34380
NZ_CP084321.1	5269191	5303571	34380
NZ_CP125361.1	5227501	5261881	34380
NZ_CP125363.1	5227525	5261905	34380
NZ_CP125365.1	5228446	5262826	34380
NZ_CP125367.1	5228050	5262430	34380
NZ_CP136598.1	5226140	5260520	34380
NZ_CP154349.1	1106073	1140453	34380
NZ_JAIQJI010000003.1	346511	380891	34380
NZ_JAIQJK010000006.1	300709	335089	34380
NZ_JAIQJX010000003.1	346511	380891	34380
NZ_JAIQKA010000003.1	346221	380601	34380
NZ_JAIQKC010000002.1	346227	380607	34380
NZ_JAIQKF010000004.1	327012	361392	34380
NZ_JAIQKH010000003.1	346227	380607	34380
NZ_JAIQKR010000003.1	346227	380607	34380
NZ_JAIQKV010000003.1	327012	361392	34380
NZ_JAIQKY010000003.1	346704	381084	34380
NZ_JAIQLA010000002.1	346537	380917	34380
NZ_JAIZDU010000004.1	346094	380474	34380
NZ_JAIZDW010000005.1	346194	380574	34380
NZ_JAKFGK010000001.1	5173574	5207954	34380
NZ_JAMWMN010000001.1	5200426	5234806	34380
NZ_JAPCTC010000244.1	271190	305570	34380
NZ_JAPCTM010000005.1	346399	380779	34380
NZ_JAPCTN010000003.1	346109	380489	34380
NZ_JAPCTQ010000003.1	346293	380673	34380
NZ_JAPCTW010000003.1	346193	380573	34380
NZ_JAPFQJ010000003.1	346227	380607	34380
NZ_JARDUN010000001.1	2352491	2386871	34380
NZ_JASUAI010000003.1	346118	380498	34380
NZ_JASUAJ010000004.1	346094	380474	34380
NZ_JAUKGD010000002.1	346040	380420	34380
NZ_JAUYZE010000001.1	5144165	5178545	34380
NZ_JAVAMF010000004.1	327012	361392	34380
NZ_JAVAMG010000003.1	327272	361652	34380
NZ_JAVAMH010000003.1	327012	361392	34380
NZ_JAVAMJ010000003.1	327020	361400	34380
NZ_JAVAMM010000003.1	327012	361392	34380
NZ_JAVBZV010000002.1	960757	995137	34380
NZ_JAYWSN010000007.1	166615	200995	34380
NZ_JBCGFE010000004.1	346708	381088	34380
NZ_JBCGFJ010000004.1	346555	380935	34380
NZ_JBCGFL010000004.1	346143	380523	34380
NZ_JBCGFM010000004.1	346772	381152	34380
NZ_JBEHBG010000004.1	300743	335123	34380
NZ_JBEHBH010000005.1	300740	335120	34380
NZ_LLPH01000003.1	105874	140256	34382
NZ_RXVK01000004.1	89169	123610	34441
NZ_RXWR01000009.1	167659	202118	34459
NZ_JAHWAZ010000007.1	152131	186614	34483
NZ_JAXCMN010000009.1	152045	186528	34483
NZ_JAUZAE010000001.1	122664	157157	34493
NZ_CP056774.1	6145575	6180138	34563
NZ_NTAC01000003.1	72466	107053	34587
NZ_JAHWAP010000009.1	60469	95079	34610
NZ_RXTP01000025.1	99090	133711	34621
NZ_JASKXQ010000005.1	61332	95960	34628
NZ_JBEBLO010000001.1	548919	583548	34629
NZ_JACEGH010000080.1	36049	70690	34641
NZ_KI519045.1	480252	514893	34641
NZ_CP056100.1	6534577	6569231	34654
NZ_JADEVH010000001.1	6227163	6261817	34654
NZ_CP029707.1	5007986	5042641	34655
NZ_CP054591.1	6285055	6319710	34655
NZ_CP017353.1	960852	995512	34660
NZ_CP046069.1	4866842	4901502	34660
NZ_CP093020.1	4983846	5018506	34660
NZ_CP008871.2	5053956	5088617	34661
NZ_CP093355.1	5049818	5084479	34661
NZ_CP093357.1	4977852	5012513	34661
NZ_CP093358.1	5202040	5236701	34661
NZ_CP109843.1	5118133	5152794	34661
NZ_CAYTDV010000005.1	230112	264780	34668
NZ_CP106742.1	979735	1014403	34668
NZ_JABLTV010000001.1	123457	158125	34668
NZ_JACEQN010000003.1	144086	178754	34668
NZ_JAFHXD010000001.1	123082	157750	34668
NZ_JAHERK010000002.1	781997	816665	34668
NZ_JAIXJA010000003.1	130095	164763	34668
NZ_JAIXJG010000010.1	130076	164744	34668
NZ_JAJPKV010000001.1	123246	157914	34668
NZ_JAJPNC010000001.1	123060	157728	34668
NZ_JAMKYC010000001.1	123132	157800	34668
NZ_JAOXPQ010000014.1	123084	157752	34668
NZ_JAQAQD010000002.1	782000	816668	34668
NZ_JAREJS010000006.1	123132	157800	34668
NZ_JAREKE010000010.1	123132	157800	34668
NZ_JBEBLN010000003.1	230041	264709	34668
NZ_JBGVWR010000014.1	105507	140175	34668
NZ_JTMC01000006.1	123025	157693	34668
NZ_JTNP01000017.1	123136	157804	34668
NZ_LLPG01000023.1	123244	157912	34668
NZ_NRFT01000002.1	123207	157875	34668
NZ_RWXA01000102.1	123082	157750	34668
NZ_SCXA01000006.1	122947	157615	34668
NZ_SNVU01000006.1	123081	157749	34668
NZ_LLQL01000001.1	123242	157911	34669
NZ_SCXJ01000017.1	105168	139837	34669
NZ_JAFLHR010000008.1	188196	222872	34676
NZ_RWSP01000006.1	123315	157995	34680
NZ_LOHI01000001.1	110746	145443	34697
NZ_JAFLHY010000006.1	188130	222833	34703
NZ_CABIOR010000011.1	147257	181968	34711
NZ_QVBH02000003.1	131328	166053	34725
NZ_MPUM01000012.1	60476	95204	34728
NZ_JAPCIH010000012.1	60722	95451	34729
NZ_RXTM01000069.1	108352	143081	34729
NZ_CBYA010000164.1	95343	130123	34780
NZ_RXBS01000006.1	199381	234163	34782
NZ_JAFLHJ010000006.1	228578	263379	34801
NZ_JAFLHV010000007.1	188094	222895	34801
NZ_JAFLHQ010000006.1	188026	222831	34805
NZ_JAFLHZ010000007.1	228397	263207	34810
NZ_JTSD01000001.1	247417	282239	34822
NZ_JAPMIJ010000003.1	173092	207917	34825
NZ_JAPHWA010000076.1	353773	388602	34829
NZ_JAZICZ010000054.1	537718	572547	34829
NZ_JAFLHI010000166.1	80868	115704	34836
NZ_JAHYBH010000010.1	50853	85689	34836
NZ_JAREKG010000006.1	189154	223990	34836
NZ_JAREKH010000006.1	189154	223990	34836
NZ_JAXCNO010000009.1	166428	201264	34836
NZ_QZZN01000028.1	17426	52262	34836
NZ_QVBK02000008.1	51848	86691	34843
NZ_ALJH01000004.1	5901	40755	34854
NZ_CATOZF010000003.1	9397	44252	34855
NZ_CTFE01000062.1	6321	41176	34855
NZ_JAJTWN010000005.1	60732	95587	34855
NZ_JAKGUM010000009.1	10850	45705	34855
NZ_JAKRGO010000012.1	6321	41176	34855
NZ_JAKRGU010000004.1	6321	41176	34855
NZ_JAKRGX010000011.1	5680	40535	34855
NZ_JAKRGY010000012.1	7293	42148	34855
NZ_JAKRHC010000024.1	6321	41176	34855
NZ_JAKRHF010000012.1	6732	41587	34855
NZ_JAKRHL010000011.1	5706	40561	34855
NZ_JAKRHX010000012.1	6321	41176	34855
NZ_JAKRIF010000024.1	6321	41176	34855
NZ_JAKRIJ010000011.1	9416	44271	34855
NZ_JAKRIO010000025.1	6321	41176	34855
NZ_JAKRIW010000010.1	6321	41176	34855
NZ_JAKRJB010000009.1	6321	41176	34855
NZ_JAKRJD010000012.1	5843	40698	34855
NZ_JAKRJG010000009.1	5728	40583	34855
NZ_JAKRJM010000011.1	5702	40557	34855
NZ_JAKRJN010000012.1	5728	40583	34855
NZ_JAKRJP010000010.1	6343	41198	34855
NZ_JAKRJQ010000010.1	6343	41198	34855
NZ_JAKRJY010000011.1	6343	41198	34855
NZ_JAKRJZ010000013.1	5728	40583	34855
NZ_JAKRKA010000010.1	5728	40583	34855
NZ_JAWLLR010000011.1	5702	40557	34855
NZ_JAWLMG010000011.1	6321	41176	34855
NZ_JAWLMI010000010.1	5821	40676	34855
NZ_JAWLMR010000011.1	6321	41176	34855
NZ_JAWLMY010000009.1	4907	39762	34855
NZ_JAWLNE010000011.1	6321	41176	34855
NZ_JAWLNI010000011.1	6321	41176	34855
NZ_JAWLNJ010000011.1	5680	40535	34855
NZ_JAWLNK010000011.1	6321	41176	34855
NZ_JAWLNN010000011.1	5706	40561	34855
NZ_JBJMBI010000060.1	6050	40905	34855
NZ_JBJMBK010000035.1	4922	39777	34855
NZ_JMKR01000011.1	441687	476542	34855
NZ_MTGC01000051.1	6286	41141	34855
NZ_NSRU01000002.1	74752	109607	34855
NZ_NSTN01000019.1	6489	41344	34855
NZ_RWLX01000010.1	34291	69146	34855
NZ_JASKWJ010000006.1	6343	41202	34859
NZ_RWND01000009.1	6405	41275	34870
NZ_JACEOY010000002.1	551904	586790	34886
NZ_JAZHQJ010000004.1	171077	205963	34886
NZ_JTXZ01000011.1	34894	69780	34886
NZ_CATOWS010000006.1	234769	269656	34887
NZ_CAYAHP010000012.1	40868	75755	34887
NZ_CGFY01000080.1	161371	196258	34887
NZ_CP013993.1	6565054	6599941	34887
NZ_CP029090.1	5719546	5754433	34887
NZ_CP046060.1	6851820	6886707	34887
NZ_CP093030.1	6483219	6518106	34887
NZ_CP109920.1	6524172	6559059	34887
NZ_CP115215.1	1208326	1243213	34887
NZ_JACEPH010000001.1	551893	586780	34887
NZ_JACEPK010000003.1	547345	582232	34887
NZ_JACEQM010000002.1	551904	586791	34887
NZ_JACEQR010000002.1	551904	586791	34887
NZ_JACEQS010000002.1	444671	479558	34887
NZ_JACEQT010000002.1	444670	479557	34887
NZ_JAIXJC010000004.1	147796	182683	34887
NZ_JAJDQQ010000001.1	551904	586791	34887
NZ_JAJTWM010000033.1	281229	316116	34887
NZ_JAOXKC010000034.1	20560	55447	34887
NZ_JAOXKE010000015.1	20560	55447	34887
NZ_JAREKF010000001.1	552265	587152	34887
NZ_JAUEEY010000006.1	181960	216847	34887
NZ_JAVRMM010000009.1	126425	161312	34887
NZ_JBGSAI010000001.1	415479	450366	34887
NZ_JTOA01000001.1	22203	57090	34887
NZ_JTOX01000016.1	22203	57090	34887
NZ_KI914478.1	1250418	1285305	34887
NZ_KK212400.1	351262	386149	34887
NZ_KK212477.1	351440	386327	34887
NZ_LLQB01000001.1	551881	586768	34887
NZ_LNBU01000002.1	326752	361639	34887
NZ_NRBI01000002.1	444669	479556	34887
NZ_NRGM01000002.1	444665	479552	34887
NZ_NSNA01000002.1	617446	652333	34887
NZ_NSNB01000008.1	177208	212095	34887
NZ_NSNH01000005.1	412364	447251	34887
NZ_NSNQ01000001.1	617322	652209	34887
NZ_NSQU01000003.1	457439	492326	34887
NZ_NSTG01000002.1	570339	605226	34887
NZ_NTAT01000002.1	552092	586979	34887
NZ_PSQR01000005.1	2081943	2116830	34887
NZ_RACM01000077.1	209589	244476	34887
NZ_RACN01000085.1	54008	88895	34887
NZ_RACO01000168.1	444483	479370	34887
NZ_RXBL01000012.1	86573	121460	34887
NZ_RXDF01000002.1	664456	699343	34887
NZ_VMTW01000021.1	21684	56571	34887
NZ_CAADNU010000402.1	2360	37294	34934
NZ_CABIOW010000002.1	142582	177516	34934
NZ_CABIOX010000003.1	114218	149152	34934
NZ_CABIOZ010000002.1	142582	177516	34934
NZ_CP069198.1	166310	201244	34934
NZ_JAGFKI010000014.1	59698	94632	34934
NZ_JAIPTK010000001.1	160568	195502	34934
NZ_JAPMUN010000007.1	146901	181835	34934
NZ_JAVFCG010000008.1	160569	195503	34934
NZ_JAVFCH010000001.1	160569	195503	34934
NZ_JAVFCI010000004.1	160569	195503	34934
NZ_JAVVNB010000002.1	2294993	2329927	34934
NZ_JAVVNC010000007.1	2818538	2853472	34934
NZ_JAVVNE010000003.1	5547854	5582788	34934
NZ_JAWIWK010000009.1	56307	91241	34934
NZ_JAXCPC010000005.1	59889	94823	34934
NZ_JAXCPG010000001.1	59889	94823	34934
NZ_JAZBSU010000007.1	160696	195630	34934
NZ_JAZIDH010000017.1	84068	119002	34934
NZ_JTQS01000020.1	59909	94843	34934
NZ_JTSN01000051.1	49145	84079	34934
NZ_MPBP01000001.1	2828576	2863510	34934
NZ_VLOE01000001.1	59844	94778	34934
NZ_JTOD01000009.1	12663	47611	34948
NZ_JAVMRC010000005.1	167222	202178	34956
NZ_MCMG01000007.1	205924	240910	34986
NZ_JAPCUC010000001.1	199830	234827	34997
NZ_JAIZEA010000002.1	540947	575958	35011
NZ_JAIZEB010000002.1	541047	576058	35011
NZ_JASUAK010000002.1	540947	575958	35011
NZ_FRFT01000021.1	124477	159503	35026
NZ_JAPCSY010000041.1	1369	36438	35069
NZ_JBDZZE010000002.1	84649	119723	35074
NZ_RWZS01000025.1	741	35816	35075
NZ_JAXIRY010000003.1	72480	107556	35076
NZ_CP086016.1	1861757	1896850	35093
NZ_JAVFFU010000016.1	123151	158244	35093
NZ_JRAU01000042.1	59837	94930	35093
NZ_NSPH01000001.1	60191	95284	35093
NZ_JASKYQ010000002.1	17555	52654	35099
NZ_JBIDHT010000002.1	164886	199985	35099
NZ_RWPS01000002.1	37588	72689	35101
NZ_RWWU01000189.1	15957	51058	35101
NZ_CP011857.1	5096832	5131942	35110
NZ_CP015117.1	1859079	1894189	35110
NZ_CP065966.1	1852174	1887284	35110
NZ_CP101912.1	5103414	5138524	35110
NZ_JAGFKK010000001.1	820631	855741	35110
NZ_JAKRHN010000002.1	533522	568632	35110
NZ_JAKRHO010000012.1	185637	220747	35110
NZ_JAKRHP010000001.1	914964	950074	35110
NZ_JAKRHW010000014.1	185493	220603	35110
NZ_JAKRHZ010000011.1	185493	220603	35110
NZ_JAKRIB010000026.1	16264	51374	35110
NZ_JAKRID010000010.1	185493	220603	35110
NZ_JAKRIV010000010.1	185493	220603	35110
NZ_JAKRIZ010000014.1	185493	220603	35110
NZ_JAKRJI010000010.1	185515	220625	35110
NZ_JAKRJO010000013.1	185515	220625	35110
NZ_JAKRJS010000012.1	185515	220625	35110
NZ_JAKRJT010000014.1	185515	220625	35110
NZ_JAKRJW010000013.1	185515	220625	35110
NZ_JAWLLT010000011.1	185515	220625	35110
NZ_JAWLLZ010000010.1	185515	220625	35110
NZ_JAWLMM010000013.1	185493	220603	35110
NZ_JAWLMP010000010.1	185493	220603	35110
NZ_JAWLMS010000011.1	185493	220603	35110
NZ_JAWLMZ010000011.1	185493	220603	35110
NZ_JAWLNC010000011.1	185493	220603	35110
NZ_JAWLNF010000011.1	185493	220603	35110
NZ_JAWLNR010000011.1	185493	220603	35110
NZ_JBJMBJ010000011.1	185520	220630	35110
NZ_KE503217.1	185487	220597	35110
NZ_KE503224.1	1839683	1874793	35110
NZ_KN050641.1	1853014	1888124	35110
NZ_LFMN01000017.1	227356	262466	35110
NZ_LLNN01000002.1	187689	222799	35110
NZ_LLOK01000003.1	185677	220787	35110
NZ_LLPB01000002.1	185677	220787	35110
NZ_LLTK01000004.1	185635	220745	35110
NZ_LR134309.1	5103628	5138738	35110
NZ_LSQF01000002.1	185565	220675	35110
NZ_LSQG01000002.1	185565	220675	35110
NZ_CP150883.1	5325281	5360396	35115
NZ_JABNNA010000014.1	144691	179806	35115
NZ_KI518732.1	2266344	2301459	35115
NZ_JBJYCJ010000002.1	650800	685930	35130
NZ_CP159840.1	3415757	3450895	35138
NZ_JAPMIH010000012.1	70764	105941	35177
NZ_JASTYV010000014.1	70814	105991	35177
NZ_NSQH01000002.1	329891	365080	35189
NZ_CAAKMQ010000066.1	154648	189838	35190
NZ_CAAKMS010000149.1	285384	320574	35190
NZ_CAAKMT010000144.1	52274	87464	35190
NZ_CAAKMU010000090.1	445749	480939	35190
NZ_LLPS01000080.1	36004	71229	35225
NZ_JACCIH010000009.1	99270	134549	35279
NZ_JAHYAD010000004.1	12034	47313	35279
NZ_JAHYAG010000003.1	111026	146305	35279
NZ_JAHYAU010000008.1	8717	43996	35279
NZ_JAHYBJ010000003.1	95277	130556	35279
NZ_JAHYBL010000006.1	111026	146305	35279
NZ_JAJAUF010000002.1	565788	601067	35279
NZ_JAXMPT010000006.1	111053	146332	35279
NZ_JBHMGE010000005.1	110949	146228	35279
NZ_JBIDIK010000012.1	110946	146225	35279
NZ_JBIDIM010000002.1	318271	353550	35279
NZ_JBIUGD010000082.1	201421	236700	35279
NZ_LYTX01000014.1	73667	108946	35279
NZ_JABGOI010000009.1	10517	45806	35289
NZ_JABGOJ010000008.1	124387	159676	35289
NZ_JABGOK010000008.1	124390	159681	35291
NZ_JABGOL010000007.1	124390	159681	35291
NZ_JAFBYS010000007.1	142825	178142	35317
NZ_JBJQUR010000071.1	500165	535501	35336
NZ_JAIPSM010000004.1	165240	200608	35368
NZ_NIOT01000009.1	98861	134263	35402
NZ_NIPC01000037.1	72507	107911	35404
NZ_JBBELG010000032.1	72382	107787	35405
NZ_MPUO01000052.1	23990	59395	35405
NZ_QVBV02000009.1	98845	134250	35405
NZ_CP096909.1	4277784	4313207	35423
NZ_JBJYCH010000002.1	537342	572768	35426
NZ_JAODZD010000001.1	124040	159470	35430
NZ_LLPD01000023.1	134222	169652	35430
NZ_RWZN01000002.1	139374	174836	35462
NZ_JAJAUD010000026.1	35844	71312	35468
NZ_JAJAUE010000001.1	35822	71290	35468
NZ_CP115221.1	715868	751357	35489
NZ_CP089236.1	5077967	5113462	35495
NZ_CP093024.1	5323331	5358859	35528
NZ_FNLU01000005.1	60483	96011	35528
NZ_FNLY01000007.1	60483	96011	35528
NZ_FNMB01000008.1	60483	96011	35528
NZ_FNMC01000006.1	60483	96011	35528
NZ_FNMD01000005.1	60483	96011	35528
NZ_JAIPSQ010000001.1	72434	107962	35528
NZ_JALJOC010000012.1	60434	95962	35528
NZ_JASKXS010000004.1	61091	96619	35528
NZ_JAVFGV010000012.1	72915	108443	35528
NZ_JAXMPV010000001.1	145611	181139	35528
NZ_JBCIYJ010000002.1	60462	95990	35528
NZ_JBCIYK010000001.1	2437	37965	35528
NZ_MCMD01000005.1	138369	173897	35528
NZ_RAFN01000059.1	145681	181209	35528
NZ_RWWZ01000138.1	72199	107727	35528
NZ_JBIGKN010000001.1	2308179	2343708	35529
NZ_NSWW01000002.1	539459	575012	35553
NZ_JAJPLE010000004.1	556913	592474	35561
NZ_JAJPNT010000003.1	558208	593769	35561
NZ_JANUWR010000067.1	21972	57533	35561
NZ_JANUXA010000078.1	23488	59049	35561
NZ_JAUFRO010000021.1	23286	58847	35561
NZ_LLRP01000001.1	525109	560697	35588
NZ_SCXB01000002.1	134088	169682	35594
NZ_JBIDFR010000013.1	118133	153732	35599
NZ_CABIOT010000004.1	73142	108746	35604
NZ_CP087673.1	5221876	5257480	35604
NZ_CP116935.1	5228693	5264297	35604
NZ_CP133737.1	5196219	5231823	35604
NZ_JAVQQJ010000013.1	103563	139167	35604
NZ_JAVQQK010000013.1	109596	145200	35604
NZ_JAVQQL010000011.1	103535	139139	35604
NZ_JAVQRA010000004.1	102556	138160	35604
NZ_JAVQRG010000011.1	103535	139139	35604
NZ_JAWIWN010000002.1	607329	642933	35604
NZ_JAXCPR010000001.1	524932	560536	35604
NZ_JAZBST010000003.1	267368	302972	35604
NZ_JAZBTO010000005.1	24117	59721	35604
NZ_JAZBUE010000008.1	72645	108249	35604
NZ_JAZBUJ010000003.1	72658	108262	35604
NZ_JAZBVD010000017.1	44307	79911	35604
NZ_JTYC01000012.1	202101	237705	35604
NZ_JTZD01000002.1	119970	155574	35604
NZ_SCWK01000041.1	55899	91503	35604
NZ_SCWZ01000011.1	72914	108518	35604
NZ_SCXG01000001.1	525171	560775	35604
NZ_SCXH01000001.1	525171	560775	35604
NZ_SCXK01000001.1	525171	560775	35604
NZ_SCXL01000016.1	73061	108665	35604
NZ_JAPMUL010000007.1	113484	149089	35605
NZ_JAPZKD010000003.1	353442	389047	35605
NZ_JAIXJL010000012.1	103598	139204	35606
NZ_NSRB01000017.1	6215	41875	35660
NZ_NSOL01000002.1	538732	574418	35686
NZ_CP059995.1	5155070	5190833	35763
NZ_JAIXJM010000007.1	99777	135540	35763
NZ_JBEBLK010000005.1	244743	280506	35763
NZ_WOFT01000002.1	673772	709535	35763
NZ_CP054792.1	4890332	4926104	35772
NZ_CP115253.1	5078091	5113890	35799
NZ_JAZBTP010000014.1	72642	108443	35801
NZ_CP159841.1	1085780	1121586	35806
NZ_VJNH01000001.1	539088	574921	35833
NZ_UGUE01000005.1	912474	948316	35842
NZ_JAIXJP010000013.1	98937	134784	35847
NZ_QZZD01000147.1	98258	134105	35847
NZ_VLHS01000009.1	99049	134896	35847
NZ_CP056093.1	6004537	6040408	35871
NZ_JAGEYE010000001.1	123020	158903	35883
NZ_JAGEYF010000001.1	123020	158903	35883
NZ_JAMSLI010000001.1	123227	159110	35883
NZ_JAPCUU010000009.1	123227	159110	35883
NZ_JAVFFS010000002.1	123277	159160	35883
NZ_JAVFGR010000001.1	123277	159160	35883
NZ_JUMA01000157.1	9173	45056	35883
NZ_JUMB01000058.1	9169	45052	35883
NZ_JVHM01000027.1	122725	158616	35891
NZ_JBBELC010000006.1	7859	43778	35919
NZ_JACWGO010000001.1	3972121	4008041	35920
NZ_JAOXQT010000001.1	244892	280812	35920
NZ_LLLO01000001.1	130220	166140	35920
NZ_LLRX01000033.1	124276	160196	35920
NZ_JACCIK010000001.1	541630	577561	35931
NZ_JAPCUG010000002.1	126424	162355	35931
NZ_JAPCUR010000002.1	126424	162355	35931
NZ_CP115261.1	803694	839630	35936
NZ_NSQY01000005.1	230956	266893	35937
NZ_FRHT01000057.1	124442	160413	35971
NZ_FRHU01000079.1	124446	160417	35971
NZ_FRHX01000022.1	124442	160413	35971
NZ_FRHZ01000026.1	124442	160413	35971
NZ_FRWT01000104.1	124442	160413	35971
NZ_CTFL01000094.1	57232	93220	35988
NZ_JAHYBI010000018.1	35842	71830	35988
NZ_JAKMHD010000022.1	35883	71871	35988
NZ_JAKMHE010000022.1	35883	71871	35988
NZ_JAKMHF010000009.1	36622	72610	35988
NZ_JAMSGO010000016.1	124059	160047	35988
NZ_JAZBSY010000002.1	44069	80057	35988
NZ_JAZBTH010000001.1	123309	159297	35988
NZ_JBAWUA010000023.1	35004	70992	35988
NZ_LLND01000001.1	393594	429582	35988
NZ_QAYT01000059.1	127405	163393	35988
NZ_QAYU01000097.1	128747	164735	35988
NZ_QAYV01000086.1	111024	147012	35988
NZ_RWVI01000002.1	237982	273970	35988
NZ_RXTN01000036.1	35767	71755	35988
NZ_JAATIF010000001.1	6565183	6601195	36012
NZ_JAXCNC010000003.1	541015	577027	36012
NZ_JAXCOD010000001.1	582096	618108	36012
NZ_LLSA01000001.1	554216	590228	36012
NZ_VJMM01000028.1	14280	50292	36012
NZ_CP008857.1	4137043	4173056	36013
NZ_CP137490.1	768797	804810	36013
NZ_CP162336.1	6325858	6361871	36013
NZ_JAVVBV010000023.1	23348	59361	36013
NZ_JPEY01000010.1	868101	904114	36013
NZ_JPFE01000006.1	865009	901022	36013
NZ_JPFG01000004.1	3612940	3648953	36013
NZ_KI519146.1	918156	954169	36013
NZ_LZQJ01000174.1	218470	254483	36013
NZ_QVCQ02000016.1	20686	56699	36013
NZ_QVEE02000011.1	20686	56699	36013
NZ_RYXU01000183.1	21622	57635	36013
NZ_LLLI01000001.1	542465	578488	36023
NZ_LLQQ01000001.1	542465	578488	36023
NZ_JBIGKB010000087.1	7957	43981	36024
NZ_LFDF01000012.1	540058	576082	36024
NZ_JUYD01000263.1	41897	77959	36062
NZ_CP033685.1	6237237	6273300	36063
NZ_CP115481.1	1300024	1336088	36064
NZ_FRHQ01000205.1	20349	56413	36064
NZ_FRHV01000018.1	30711	66775	36064
NZ_FRHW01000166.1	30707	66771	36064
NZ_FRIC01000076.1	30706	66770	36064
NZ_FRIE01000106.1	30704	66768	36064
NZ_LJNX01000009.1	57218	93293	36075
NZ_JTVI01000002.1	25600	61679	36079
NZ_JAJDQS010000013.1	22210	58290	36080
NZ_JAZBTA010000013.1	22138	58218	36080
NZ_JAZBTG010000003.1	372501	408581	36080
NZ_JAZEWM010000357.1	7912	43992	36080
NZ_JAZIDJ010000030.1	22082	58162	36080
NZ_JTQF01000017.1	22104	58184	36080
NZ_LSQO01000016.1	554229	590309	36080
NZ_NSOG01000001.1	567417	603497	36080
NZ_RXBO01000001.1	448562	484642	36080
NZ_CP024477.1	6088256	6124337	36081
NZ_CP033843.1	1964408	2000489	36081
NZ_CP043328.1	6510391	6546472	36081
NZ_JAJAUB010000024.1	20846	56927	36081
NZ_JTUD01000026.1	202682	238763	36081
NZ_JTWX01000002.1	24703	60784	36081
NZ_LYTU01000046.1	21181	57262	36081
NZ_MPVC01000005.1	20930	57011	36081
NZ_NQZW01000017.1	75547	111628	36081
NZ_CP065374.1	3089875	3125969	36094
NZ_JUKP01000101.1	1	36099	36098
NZ_CP096822.1	6090112	6126213	36101
NZ_CP135097.1	3859235	3895353	36118
NC_023149.1	6223173	6259300	36127
NZ_JACEPE010000001.1	432393	468521	36128
NZ_JAHWBG010000007.1	153472	189612	36140
NZ_CP124626.1	1555962	1592111	36149
NZ_ATAJ02000003.1	121978	158132	36154
NZ_CACPER010000001.1	546218	582372	36154
NZ_CP031877.1	574223	610377	36154
NZ_CP031878.1	543381	579535	36154
NZ_CP035739.1	4557648	4593802	36154
NZ_CP096207.1	5993034	6029188	36154
NZ_CP120859.1	371699	407853	36154
NZ_CP124652.1	581256	617410	36154
NZ_CP124655.1	602520	638674	36154
NZ_CP127016.1	4799927	4836081	36154
NZ_JAFCAB010000003.1	118539	154693	36154
NZ_JAMJQB010000012.1	35911	72065	36154
NZ_JAMJQE010000034.1	43979	80133	36154
NZ_JAOUSV010000009.1	123257	159411	36154
NZ_JAOUSW010000007.1	123257	159411	36154
NZ_JAOXLE010000026.1	10670	46824	36154
NZ_JAOXLF010000001.1	119867	156021	36154
NZ_JAOXPU010000001.1	122290	158444	36154
NZ_JAQAQI010000001.1	3815563	3851717	36154
NZ_JAUEES010000002.1	231141	267295	36154
NZ_JAUOAD010000002.1	106885	143039	36154
NZ_JAXCOB010000019.1	35893	72047	36154
NZ_JAZBSG010000008.1	106863	143017	36154
NZ_JAZBSI010000001.1	124053	160207	36154
NZ_JAZBTX010000002.1	123770	159924	36154
NZ_JBDZYV010000032.1	156	36310	36154
NZ_JTOG01000009.1	123040	159194	36154
NZ_JTXM01000001.1	106935	143089	36154
NZ_NQZG01000001.1	132402	168556	36154
NZ_NRCB01000003.1	58339	94493	36154
NZ_NRCH01000015.1	123329	159483	36154
NZ_NRFS01000001.1	394158	430312	36154
NZ_RXVO01000005.1	106810	142964	36154
NZ_SBJV01000001.1	129869	166023	36154
NZ_SCWO01000025.1	27678	63832	36154
NZ_SCWQ01000030.1	27682	63836	36154
NZ_SWGI01000002.1	123328	159482	36154
NZ_UATT01000021.1	235970	272124	36154
NZ_VSIZ01000001.1	124437	160591	36154
NZ_CP119298.1	5931416	5967571	36155
NZ_JTPS01000019.1	84035	120190	36155
NZ_JAZHAE010000002.1	542202	578359	36157
NZ_CP046061.1	6851616	6887786	36170
NZ_JACEPA010000002.1	139827	176018	36191
NZ_CP031876.1	543407	579606	36199
NZ_BSAU01000003.1	262300	298500	36200
NZ_JABLUO010000012.1	98822	135022	36200
NZ_JTRV01000030.1	98762	134962	36200
NZ_LLRH01000089.1	138197	174397	36200
NZ_NSMS01000003.1	295746	331946	36200
NZ_JAMOGR010000016.1	124397	160606	36209
NZ_JASTYA010000017.1	124413	160622	36209
NZ_JAUKGK010000015.1	124383	160592	36209
NZ_JAUKGL010000009.1	65107	101316	36209
NZ_JAVFEP010000003.1	125418	161629	36211
NZ_CP100653.1	5978602	6014832	36230
NZ_JAUKFZ010000001.1	538946	575192	36246
NZ_QVCL02000006.1	122971	159218	36247
NZ_FRRR01000036.1	123111	159377	36266
NZ_FRRT01000033.1	123109	159375	36266
NZ_JTRJ01000026.1	65458	101724	36266
NZ_JASKXG010000019.1	267143	303434	36291
NZ_JASKXH010000033.1	267143	303434	36291
NZ_JAWLPC010000005.1	137258	173559	36301
NZ_CP077971.1	6033304	6069607	36303
NZ_JAPCVA010000015.1	26973	63277	36304
NZ_JASTYT010000016.1	27023	63327	36304
NZ_JASTYU010000016.1	27023	63327	36304
NZ_JAUKGN010000013.1	26721	63025	36304
NZ_NRAC01000001.1	124034	160343	36309
NZ_JAVIJK010000013.1	1633	37951	36318
NZ_JAGGDH010000023.1	7118	43439	36321
NZ_LLUF01000044.1	83278	119599	36321
NZ_JAHYBO010000013.1	94921	131253	36332
NZ_RAAX01000192.1	45669	82008	36339
NZ_JAOXKS010000011.1	123024	159364	36340
NZ_JAOXKT010000012.1	130210	166550	36340
NZ_JASTYS010000014.1	27003	63354	36351
NZ_JAIXJZ010000012.1	122973	159343	36370
NZ_UAWU01000002.1	177526	213900	36374
NZ_JBIGJM010000009.1	140	36547	36407
NZ_LSQT01000034.1	547635	584046	36411
NZ_CP174606.1	5773528	5809952	36424
NZ_JBIGJC010000001.1	229646	266078	36432
NZ_JAJTWJ010000023.1	267992	304437	36445
NZ_JAJPND010000005.1	541079	577525	36446
NZ_JAWLOQ010000005.1	28257	64703	36446
NZ_JAVFEV010000001.1	123572	160019	36447
NZ_JAVFGD010000001.1	124423	160870	36447
NZ_JAVFGK010000001.1	124423	160870	36447
NZ_WCHU01000001.1	123057	159504	36447
NZ_CP115225.1	90510	126958	36448
NZ_SBJZ01000011.1	12545	49022	36477
NZ_JASKUV010000029.1	34955	71439	36484
NZ_CP097555.1	5887444	5923929	36485
NZ_CP097556.1	5887431	5923916	36485
NZ_JAHERF010000001.1	1382035	1418520	36485
NZ_MLQX01000002.1	129934	166427	36493
NZ_JAULAL010000001.1	3009137	3045650	36513
NZ_CP027172.1	572429	608943	36514
NZ_JABDUI010000010.1	27574	64088	36514
NZ_JABDUJ010000007.1	35959	72473	36514
NZ_JABDUK010000010.1	35959	72473	36514
NZ_JABDUL010000020.1	35959	72473	36514
NZ_JABDUM010000023.1	35844	72358	36514
NZ_JABDUP010000010.1	36032	72546	36514
NZ_JABDUX010000002.1	26991	63505	36514
NZ_JAKKZZ010000002.1	593	37107	36514
NZ_JAOXFU010000006.1	123492	160006	36514
NZ_JABDTR010000001.1	17885	54410	36525
NZ_NSTJ01000001.1	326845	363372	36527
NZ_CP054789.1	6270680	6307209	36529
NZ_JAVQPN010000003.1	402160	438690	36530
NZ_CP041773.1	1965323	2001854	36531
NZ_JAXCNE010000003.1	536636	573167	36531
NZ_JTMW01000002.1	25557	62088	36531
NZ_JAVFFE010000001.1	548917	585457	36540
NZ_LLOX01000023.1	362035	398577	36542
NZ_RAGC01000023.1	123006	159577	36571
NZ_FRHD01000059.1	124051	160623	36572
NZ_FRHG01000137.1	123738	160310	36572
NZ_FRHH01000054.1	19479	56051	36572
NZ_FRHK01000049.1	19480	56052	36572
NZ_FRHM01000044.1	123738	160310	36572
NZ_FRVR01000057.1	19474	56046	36572
NZ_FRWN01000024.1	123740	160312	36572
NZ_SEME01000008.1	123123	159703	36580
NZ_JAUKHP010000001.1	122931	159519	36588
NZ_JAJDSB010000001.1	534355	570961	36606
NZ_CP060242.1	5782440	5819047	36607
NZ_JABDUN010000016.1	35240	71847	36607
NZ_JABDUS010000006.1	3465	40072	36607
NZ_JABDUT010000020.1	35241	71848	36607
NZ_JABDVA010000006.1	35211	71818	36607
NZ_JABDVD010000015.1	22927	59534	36607
NZ_JAHYAY010000006.1	4018	40625	36607
NZ_JBIDIS010000057.1	20973	57580	36607
NZ_NBEZ01000025.1	23280	59887	36607
NZ_JALLCZ010000026.1	35767	72396	36629
NZ_JAUZAX010000001.1	229802	266442	36640
NZ_JASKWC010000058.1	77	36734	36657
NZ_FRFO01000074.1	28322	64986	36664
NZ_FRGZ01000026.1	17936	54600	36664
NZ_FRHA01000087.1	17955	54619	36664
NZ_FRHB01000160.1	17955	54619	36664
NZ_FRHE01000011.1	28300	64964	36664
NZ_FRHF01000101.1	28296	64960	36664
NZ_FRHI01000018.1	28299	64963	36664
NZ_FRHN01000114.1	28278	64942	36664
NZ_FRHO01000128.1	28293	64957	36664
NZ_FRVQ01000119.1	17958	54622	36664
NZ_JAKGDP010000003.1	354887	391552	36665
NZ_JAUFRR010000013.1	159836	196508	36672
NZ_JAUFRS010000002.1	494398	531070	36672
NZ_RXTY01000001.1	547050	583774	36724
NZ_JAHWUW010000001.1	271176	307901	36725
NZ_JAFBLM010000001.1	5866103	5902841	36738
NZ_SDXM01000003.1	538696	575477	36781
NZ_JACBNI010000002.1	172042	208835	36793
NZ_JAHWUX010000003.1	539038	575855	36817
NZ_JAHWVB010000002.1	539038	575855	36817
NZ_JAGGDE010000014.1	13926	50747	36821
NZ_CP148035.1	3041884	3078726	36842
NZ_NRBB01000001.1	215664	252512	36848
NZ_RXTE01000047.1	75216	112086	36870
NZ_CP131788.1	5276729	5313606	36877
NZ_JAJDQK010000002.1	354875	391757	36882
NZ_UGUH01000001.1	4905839	4942738	36899
NZ_JABLSX010000001.1	132567	169490	36923
NZ_JTRY01000009.1	123198	160121	36923
NZ_RWSJ01000002.1	123491	160417	36926
NZ_JAZHAH010000004.1	538898	575829	36931
NZ_JAZHAI010000004.1	539110	576041	36931
NZ_KI519051.1	2776290	2813224	36934
NZ_JABLST010000003.1	11459	48394	36935
NZ_PUEX01000007.1	124369	161304	36935
NZ_RWMT01000002.1	238563	275498	36935
NZ_RWOB01000010.1	13528	50463	36935
NZ_LLMU01000003.1	13468	50404	36936
NZ_NRBD01000020.1	13356	50292	36936
NZ_NRGN01000032.1	13356	50292	36936
NZ_NSZV01000012.1	13527	50463	36936
NZ_RWRT01000010.1	13527	50463	36936
NZ_CAAKMM010000001.1	2129604	2166575	36971
NZ_JTOB01000018.1	15333	52347	37014
NZ_CP124632.1	6975692	7012711	37019
NZ_CP020703.1	6399302	6436325	37023
NZ_CP020704.1	6491240	6528263	37023
NZ_CP021774.1	6420182	6457205	37023
NZ_CP022000.1	6550670	6587693	37023
NZ_CP029605.1	6593897	6630920	37023
NZ_CP117527.1	6490618	6527641	37023
NZ_CP124662.1	6627313	6664336	37023
NZ_CP140515.1	6601804	6638827	37023
NZ_CP141753.1	6624378	6661401	37023
NZ_CP147721.1	1410113	1447136	37023
NZ_CP149513.1	6442909	6479932	37023
NZ_CP166823.1	6318493	6355516	37023
NZ_CP167984.1	6220070	6257093	37023
NZ_JABDVH010000001.1	4068	41091	37023
NZ_JACEPV010000001.1	435125	472148	37023
NZ_JACEQP010000001.1	435094	472117	37023
NZ_JAHDTC010000003.1	156076	193099	37023
NZ_JAHYSI010000002.1	503365	540388	37023
NZ_JAIPTE010000003.1	540686	577709	37023
NZ_JAKKRD010000001.1	542559	579582	37023
NZ_JAMJQC010000014.1	199604	236627	37023
NZ_JAOUSX010000010.1	152333	189356	37023
NZ_JAOXKW010000002.1	357949	394972	37023
NZ_JAOXKZ010000004.1	172330	209353	37023
NZ_JAOXPT010000002.1	542749	579772	37023
NZ_JAOXQA010000008.1	130251	167274	37023
NZ_JAOXQR010000001.1	543199	580222	37023
NZ_JARCZI010000007.1	25549	62572	37023
NZ_JARFMG010000003.1	399770	436793	37023
NZ_JASMRB010000002.1	538780	575803	37023
NZ_JASXTF010000005.1	278669	315692	37023
NZ_JAVFFD010000004.1	542559	579582	37023
NZ_JAZBVG010000005.1	172054	209077	37023
NZ_JAZEWH010000590.1	7934	44957	37023
NZ_JBAWKZ010000009.1	18000	55023	37023
NZ_JBDZYS010000013.1	30273	67296	37023
NZ_JTNH01000002.1	226852	263875	37023
NZ_KI518807.1	1007502	1044525	37023
NZ_KI518889.1	549980	587003	37023
NZ_LR739069.1	6322590	6359613	37023
NZ_NRCG01000005.1	405772	442795	37023
NZ_NSNR01000003.1	278854	315877	37023
NZ_NTAN01000001.1	541074	578097	37023
NZ_NTAO01000001.1	541074	578097	37023
NZ_NTAU01000001.1	543169	580192	37023
NZ_QDGI01000003.1	542559	579582	37023
NZ_QVAP02000006.1	17940	54963	37023
NZ_QVIR01000009.1	84036	121059	37023
NZ_RXCM01000003.1	542559	579582	37023
NZ_SWGK01000010.1	405856	442879	37023
NZ_CAADNB010000079.1	20633	57657	37024
NZ_CATOWT010000002.1	559163	596187	37024
NZ_CP046406.2	6654399	6691423	37024
NZ_JACEQK010000025.1	21146	58170	37024
NZ_JAZIDA010000023.1	539146	576170	37024
NZ_JAZIDB010000020.1	137237	174261	37024
NZ_JAZIDC010000002.1	171169	208193	37024
NZ_KI518845.1	1065883	1102907	37024
NZ_KK212305.1	20899	57923	37024
NZ_MCLZ01000008.1	49511	86535	37024
NZ_NSPK01000002.1	538062	575086	37024
NZ_RABE01000079.1	431384	468408	37024
NZ_RABF01000186.1	431393	468417	37024
NZ_CP093021.1	5932784	5969822	37038
NZ_JAIPTI010000007.1	99839	136878	37039
NZ_LLNF01000056.1	199101	236140	37039
NZ_HG974234.1	5369907	5406955	37048
NZ_NQZB01000002.1	431868	468916	37048
NZ_JAFBLJ010000001.1	3377193	3414261	37068
NZ_JAHERQ010000001.1	3719353	3756421	37068
NZ_JAHERR010000001.1	3719545	3756613	37068
NZ_JAJPNQ010000002.1	33968	71036	37068
NZ_LJNV01000022.1	21702	58770	37068
NZ_JAPCTI010000003.1	31504	68573	37069
NZ_JABDTU010000007.1	20268	57346	37078
NZ_JARBCO010000001.1	130040	167143	37103
NZ_JAZFNG010000001.1	6266265	6303381	37116
NZ_JAZFNH010000001.1	6266148	6303264	37116
NZ_JAZFNI010000001.1	6266150	6303266	37116
NZ_JAWLOT010000002.1	540393	577534	37141
NZ_JAHYAT010000010.1	26945	64087	37142
NZ_JARSSD010000029.1	106745	143887	37142
NZ_JBIDML010000014.1	149846	186988	37142
NZ_JBIDMU010000015.1	122150	159292	37142
NZ_JBIDMW010000010.1	149846	186988	37142
NZ_JBIDNH010000013.1	149846	186988	37142
NZ_RWQY01000004.1	540106	577251	37145
NZ_RWSF01000003.1	540173	577318	37145
NZ_RWSG01000003.1	540106	577251	37145
NZ_RWTO01000003.1	540173	577318	37145
NZ_CP118638.1	6018019	6055173	37154
NZ_JAPWLA010000008.1	84791	121945	37154
NZ_JABUGO010000001.1	123155	160310	37155
NZ_CP096813.1	887472	924632	37160
NZ_CP172856.1	6101867	6139027	37160
NZ_JAQAQK010000001.1	2561159	2598319	37160
NZ_JAVQQP010000002.1	538754	575914	37160
NZ_JAWLOO010000001.1	124544	161704	37160
NZ_RAGB01000139.1	78286	115446	37160
NZ_CP064392.1	6168758	6205919	37161
NZ_CP077997.1	6083451	6120612	37161
NZ_CP078009.1	6163869	6201030	37161
NZ_JAGFPY010000009.1	17904	55065	37161
NZ_JTMT01000021.1	532194	569355	37161
NZ_VZPH01000067.1	539250	576412	37162
NZ_JABDVG010000001.1	35232	72402	37170
NZ_JBJYBY010000004.1	230959	268149	37190
NZ_MPUX01000009.1	26350	63545	37195
NZ_JBJYCK010000014.1	21421	58653	37232
NZ_AP017302.1	6381437	6418671	37234
NZ_JAHYAL010000005.1	20925	58159	37234
NZ_JBBLNH010000014.1	102633	139867	37234
NZ_JBIDKM010000001.1	551766	589000	37234
NZ_JBIDKN010000001.1	551786	589020	37234
NZ_JBIDKR010000009.1	47605	84839	37234
NZ_JBIDKS010000001.1	552061	589295	37234
NZ_JBIDMD010000001.1	552061	589295	37234
NZ_JBIDMV010000001.1	551786	589020	37234
NZ_JBIDND010000008.1	102633	139867	37234
NZ_PTLY01000007.1	83548	120782	37234
NZ_JTPY01000020.1	404676	441921	37245
NZ_JTPP01000034.1	56234	93481	37247
NZ_JTUR01000017.1	21566	58813	37247
NZ_JTYK01000023.1	20993	58240	37247
NZ_QMGP01000001.1	4020915	4058162	37247
NZ_QVAQ02000004.1	333113	370392	37279
NZ_CP109657.1	6009285	6046604	37319
NZ_JAREJW010000003.1	354073	391452	37379
NZ_JBIDMA010000020.1	85026	122413	37387
NZ_JBIDNI010000030.1	106664	144051	37387
NZ_WXZV01000001.1	123113	160500	37387
NZ_JTOH01000001.1	131358	168760	37402
NZ_NSVA01000001.1	231287	268689	37402
NZ_JAOUTG010000002.1	540012	577417	37405
NZ_JASKXI010000016.1	268152	305557	37405
NZ_WXZT01000015.1	229568	267003	37435
NZ_JBEBLU010000001.1	438699	476143	37444
NZ_JBIDMH010000016.1	21678	59157	37479
NZ_JBIDMS010000002.1	579382	616861	37479
NZ_JBIDNC010000028.1	20967	58446	37479
NZ_WXZW01000029.1	21391	58870	37479
NZ_JAWIXL010000004.1	539529	577088	37559
NZ_JAHYAS010000011.1	27607	65197	37590
NZ_JBIDIT010000009.1	102057	139779	37722
NZ_LJZN01000130.1	13363	51096	37733
NZ_JTOT01000015.1	129721	167469	37748
NZ_JBIGIR010000061.1	166518	204271	37753
NZ_RWWJ01000061.1	115604	153368	37764
NZ_KK213166.1	1	37788	37787
NZ_JAVFEG010000010.1	237853	275651	37798
NZ_CP115196.1	5770014	5807817	37803
NZ_BSAR01000009.1	130092	167896	37804
NZ_BSAY01000007.1	130088	167892	37804
NZ_BSBB01000008.1	130087	167891	37804
NZ_JAFBLI010000001.1	458478	496282	37804
NZ_JAUZBY010000005.1	124403	162207	37804
NZ_JAPTST010000001.1	120903	158709	37806
NZ_RXUH01000008.1	122698	160504	37806
NZ_JBCIWL010000006.1	123649	161456	37807
NZ_JASKWN010000039.1	270735	308581	37846
NZ_VZIL01000026.1	39322	77170	37848
NZ_BSAQ01000010.1	14764	52660	37896
NZ_JASGYL010000026.1	26356	64252	37896
NZ_JAYXKS010000002.1	539055	576951	37896
NZ_NSNP01000001.1	545303	583199	37896
NZ_VLOD01000021.1	12650	50546	37896
NZ_JAPEVK010000001.1	6037291	6075188	37897
NZ_JAOBZQ010000001.1	224425	262324	37899
NZ_JAOBZV010000001.1	446150	484049	37899
NZ_JAOBZZ010000004.1	115581	153480	37899
NZ_RWLA01000002.1	230205	268110	37905
NZ_LLMW01000001.1	546784	584703	37919
NZ_RXEF01000002.1	1075795	1113722	37927
NZ_JAMSLJ010000004.1	19495	57512	38017
NZ_JAVFDR010000004.1	124367	162384	38017
NZ_JAVFEX010000004.1	124367	162384	38017
NZ_JARCZJ010000015.1	16823	54841	38018
NZ_JBCIXI010000004.1	124397	162415	38018
NZ_JBCIXO010000002.1	125500	163518	38018
NZ_VMNS01000001.1	10406	48424	38018
NZ_CP123953.1	6803466	6841512	38046
NZ_CP115280.1	1119420	1157495	38075
NZ_FRQN01000032.1	141658	179733	38075
NZ_CP089236.1	6401556	6439646	38090
NZ_JAMSLH010000003.1	342766	380875	38109
NZ_JAVFDU010000004.1	342816	380925	38109
NZ_JAVFHB010000004.1	342933	381042	38109
NZ_CABIPB010000002.1	343457	381567	38110
NZ_CABIPE010000002.1	343419	381529	38110
NZ_CP140431.1	6494353	6532463	38110
NZ_JAIXJJ010000001.1	269177	307287	38110
NZ_JAIXJR010000001.1	342940	381050	38110
NZ_JBCIWU010000001.1	352674	390784	38110
NZ_JBCIWZ010000001.1	358576	396686	38110
NZ_LFMV01000010.1	651688	689798	38110
NZ_JAGMWS010000003.1	188786	226897	38111
NZ_JBHNZS010000001.1	559995	598106	38111
NZ_LLOL01000015.1	21112	59223	38111
NZ_LLQE01000013.1	21192	59303	38111
NZ_JBCIYI010000013.1	80	38193	38113
NZ_JAHLTF010000001.1	120349	158498	38149
NZ_JAHERJ010000001.1	3429280	3467518	38238
NZ_JAJDQL010000011.1	39322	77560	38238
NZ_JAJDRE010000014.1	39322	77560	38238
NZ_JAJDRF010000001.1	39322	77560	38238
NZ_JAJDRJ010000021.1	39322	77560	38238
NZ_JAJDSL010000007.1	39322	77560	38238
NZ_JAJDSM010000021.1	35060	73298	38238
NZ_JAKLAX010000001.1	39322	77560	38238
NZ_JAQAQC010000002.1	1540760	1578998	38238
NZ_JBCGAC010000015.1	39213	77451	38238
NZ_JBCGAE010000022.1	39213	77451	38238
NZ_JBCGAF010000001.1	39213	77451	38238
NZ_JBCGAJ010000005.1	39213	77451	38238
NZ_JBCGAO010000050.1	39213	77451	38238
NZ_JBCGAP010000001.1	39214	77452	38238
NZ_JBCGAS010000024.1	39213	77451	38238
NZ_JBCGAT010000007.1	39214	77452	38238
NZ_JBCGAU010000007.1	39213	77451	38238
NZ_JBCGAV010000004.1	39213	77451	38238
NZ_JBCGAW010000002.1	39213	77451	38238
NZ_JBCGAY010000005.1	39213	77451	38238
NZ_JBCGBA010000029.1	39213	77451	38238
NZ_VIHB01000002.1	39451	77689	38238
NZ_RXAX01000003.1	541574	579816	38242
NZ_CP011369.1	6602067	6640314	38247
NZ_CP050322.1	6052477	6090729	38252
NZ_JBIGJO010000001.1	541280	579617	38337
NZ_WIGE01000011.1	474385	512745	38360
NZ_VIIF01000023.1	25552	63980	38428
NZ_VIIL01000002.1	431733	470161	38428
NZ_RWLR01000003.1	538834	577363	38529
NZ_JAUZBI010000003.1	551962	590616	38654
NZ_JAFDSZ010000016.1	8341	47134	38793
NZ_JAFDTA010000021.1	8340	47133	38793
NZ_CATOWM010000004.1	215122	253979	38857
NZ_KI519019.1	1	38898	38897
NZ_JABMED010000003.1	774695	813609	38914
NZ_JAHEQR010000003.1	458564	497515	38951
NZ_JAQAQT010000003.1	458569	497522	38953
NZ_JAJDPW010000022.1	36346	75300	38954
NZ_JAJDQC010000001.1	439720	478674	38954
NZ_JAJDQF010000002.1	439720	478674	38954
NZ_JAJDQN010000003.1	194221	233175	38954
NZ_JAJDQW010000025.1	25933	64887	38954
NZ_JBCGAD010000011.1	431436	470390	38954
NZ_JBCGAG010000020.1	268093	307047	38954
NZ_JBCGAH010000007.1	101751	140705	38954
NZ_JBCGAI010000021.1	431498	470452	38954
NZ_JBCGAK010000011.1	268093	307047	38954
NZ_JBCGAL010000004.1	431671	470625	38954
NZ_JBCGAN010000003.1	431672	470626	38954
NZ_JBCGAQ010000033.1	30445	69399	38954
NZ_JBCGAR010000018.1	431672	470626	38954
NZ_JBCGAX010000028.1	431671	470625	38954
NZ_JBCGAZ010000005.1	431671	470625	38954
NZ_NSNK01000001.1	439882	478836	38954
NZ_NSQL01000002.1	439902	478856	38954
NZ_NTAI01000001.1	346420	385374	38954
NZ_VIHT01000002.1	439949	478903	38954
NZ_VIHX01000001.1	439732	478686	38954
NZ_VIIC01000002.1	440187	479141	38954
NZ_VIID01000001.1	440187	479141	38954
NZ_VIIE01000002.1	439861	478815	38954
NZ_VIIN01000010.1	125827	164781	38954
NZ_VIIO01000002.1	412604	451558	38954
NZ_JAZIDS010000062.1	46905	85860	38955
NZ_CP139424.1	5205895	5244946	39051
NZ_JANVBJ010000009.1	122947	162033	39086
NZ_JANVBL010000007.1	122942	162028	39086
NZ_SCWM01000009.1	129826	168912	39086
NZ_JAJDQT010000001.1	428405	467584	39179
NZ_JAKGVF010000011.1	21370	60549	39179
NZ_JANVBK010000006.1	17884	57063	39179
NZ_NSMT01000004.1	581370	620549	39179
NZ_NSZK01000003.1	359420	398791	39371
NZ_WUDK01000013.1	7956	47373	39417
NZ_JASTZE010000001.1	541704	581180	39476
NZ_JAPHVY010000052.1	147553	187086	39533
NZ_JAZIDQ010000057.1	551036	590569	39533
NZ_JAZIDV010000010.1	64577	104110	39533
NZ_AP014651.1	6562270	6601814	39544
NZ_JTXE01000081.1	22797	62772	39975
NZ_JAIGZC010000215.1	172177	212337	40160
NZ_JTMN01000013.1	7411	47571	40160
NZ_NSMX01000019.1	13452	53766	40314
NZ_JAHVZS010000003.1	539570	579904	40334
NZ_JBEBLM010000002.1	137186	177657	40471
NZ_JTZS01000007.1	22466	63070	40604
NZ_CP015377.1	1586816	1627638	40822
NZ_JAIPTG010000012.1	205354	246191	40837
NZ_JAIPTL010000011.1	199830	240667	40837
NZ_MWWL01000339.1	22937	63804	40867
NZ_LLUE01000047.1	98833	139967	41134
NZ_JTOY01000009.1	267224	308664	41440
NZ_SWGH01000036.1	25561	67027	41466
NC_023019.1	6075250	6116773	41523
NZ_LSQB01000044.1	541061	582586	41525
NZ_RXTS01000001.1	538864	580396	41532
NZ_JAOXLB010000002.1	125166	167309	42143
NZ_JAMWBM010000001.1	3682193	3725371	43178
NZ_JAOXFV010000006.1	125237	168415	43178
NZ_JAUYZF010000001.1	3720877	3764055	43178
NZ_CP097709.1	6543773	6587151	43378
NZ_CP097710.1	6544886	6588264	43378
NZ_CP093358.1	6332337	6376137	43800
NZ_NSZM01000011.1	13454	57254	43800
NZ_FRSC01000009.1	13201	57135	43934
NZ_CP115293.1	5172733	5216668	43935
NZ_JAZEWN010000142.1	13356	57694	44338
NZ_NSNC01000010.1	13453	57792	44339
NZ_NSZS01000009.1	14353	58692	44339
NZ_NSZT01000011.1	13453	57792	44339
NZ_NSZW01000011.1	13453	57792	44339
NZ_UWWR01000001.1	690832	735173	44341
NZ_UWXL01000001.1	1607945	1652286	44341
NZ_CP008871.2	6277714	6322060	44346
NZ_CP046069.1	6237106	6281452	44346
NZ_CP093020.1	6219735	6264081	44346
NZ_CP093355.1	6180112	6224458	44346
NZ_CP093357.1	6166358	6210704	44346
NZ_CP109843.1	6248467	6292813	44346
NZ_JABJXN010000017.1	13156	57502	44346
NZ_JACJGX010000016.1	13308	57654	44346
NZ_JAPKIK010000001.1	633552	677898	44346
NZ_JASMQI010000015.1	13232	57578	44346
NZ_JASMQM010000010.1	13306	57652	44346
NZ_JTPO01000016.1	13176	57522	44346
NZ_LLQG01000002.1	13395	57741	44346
NZ_NSOY01000009.1	13454	57800	44346
NZ_NSOZ01000009.1	13866	58212	44346
NZ_NSPA01000015.1	13442	57788	44346
NZ_NSPB01000008.1	13454	57800	44346
NZ_NSPC01000011.1	13454	57800	44346
NZ_NSPD01000020.1	13454	57800	44346
NZ_NSPE01000011.1	13454	57800	44346
NZ_NSPF01000009.1	13454	57800	44346
NZ_NSPG01000015.1	13454	57800	44346
NZ_NSQR01000018.1	13454	57800	44346
NZ_NSWO01000010.1	13527	57873	44346
NZ_NSZR01000010.1	13454	57800	44346
NZ_NSZU01000023.1	13452	57798	44346
NZ_NTAP01000010.1	13454	57800	44346
NZ_RWTD01000011.1	13454	57800	44346
NZ_RWTE01000010.1	13454	57800	44346
NZ_RWTF01000011.1	13454	57800	44346
NZ_RWTG01000011.1	13454	57800	44346
NZ_RWTH01000011.1	13454	57800	44346
NZ_RWTI01000010.1	13454	57800	44346
NZ_RWTJ01000010.1	13446	57792	44346
NZ_RWUI01000009.1	13527	57873	44346
NZ_RWZM01000013.1	13453	57799	44346
NZ_RXDC01000009.1	13454	57800	44346
NZ_UWVR01000001.1	3065935	3110281	44346
NZ_RWLT01000010.1	13452	57800	44348
NZ_JAECTR010000001.1	439132	483560	44428
NZ_LLNG01000002.1	13394	58954	45560
NZ_CP017353.1	2196375	2241959	45584
NZ_JAVQON010000001.1	125373	171459	46086
NZ_JAVQOP010000001.1	125373	171459	46086
NZ_JBBYAL010000001.1	125450	171536	46086
NZ_JBBYAM010000001.1	125450	171536	46086
NZ_JBBYAQ010000002.1	125450	171536	46086
NZ_CP053747.1	6439507	6485685	46178
NZ_JABJWI010000001.1	451707	497885	46178
NZ_JABJWJ010000001.1	451707	497885	46178
NZ_JAVQOO010000001.1	558323	604501	46178
NZ_JAVQPA010000001.1	558330	604508	46178
NZ_JAVQPL010000001.1	558329	604507	46178
NZ_JBBYAN010000002.1	558841	605019	46178
NZ_JBBYAP010000002.1	558741	604919	46178
NZ_JBBYAS010000002.1	558741	604919	46178
NZ_CP158570.1	6445108	6491346	46238
NZ_JAIQJS010000001.1	540981	587234	46253
NZ_JAOXGE010000001.1	540997	587250	46253
NZ_JAOXGL010000006.1	171239	217492	46253
NZ_JAOXGU010000001.1	541172	587425	46253
NZ_JAOXHD010000001.1	540997	587250	46253
NZ_JAVQQA010000002.1	230981	277497	46516
NZ_MPBQ01000001.1	3744298	3791009	46711
NZ_KI519088.1	791149	838100	46951
NZ_JTRD01000016.1	123053	170215	47162
NZ_CP129685.1	7047085	7094248	47163
NZ_LYTQ01000031.1	20993	68248	47255
NZ_AP014646.1	6282085	6329373	47288
NZ_RXFP01000101.1	7240	54565	47325
NZ_CP077991.1	1	47501	47500
NZ_RXFC01000004.1	125756	173356	47600
NZ_JAFBLL010000001.1	2612292	2660065	47773
NZ_JALKGS010000001.1	537706	585479	47773
NZ_JALKGT010000011.1	28278	76051	47773
NZ_JAIXJV010000023.1	20977	69242	48265
NZ_CP056100.1	5231383	5279709	48326
NZ_LFMO01000014.1	431766	480746	48980
NZ_LFMT01000001.1	181679	230659	48980
NZ_LFMU01000003.1	35864	84844	48980
NZ_LFMQ01000003.1	2360698	2409770	49072
NZ_LFMS01000008.1	21100	70172	49072
NZ_JACXLF010000009.1	61768	111029	49261
NZ_JASGYQ010000019.1	118606	167958	49352
NZ_JAXMQE010000005.1	92027	141494	49467
NZ_NRFB01000002.1	123189	175074	51885
NZ_NRFC01000002.1	123189	175074	51885
NZ_NRFD01000002.1	123189	175074	51885
NZ_RWOF01000004.1	274260	329067	54807
NZ_JAUKGF010000002.1	543257	599254	55997
NZ_CP029148.1	5598837	5662292	63455
NZ_PSQQ01000001.1	1743755	1807211	63456
NZ_CP104254.1	2787280	2852024	64744
